elapsed_seconds,latency_ms,ok
0.2,235.1,1
0.3,78.7,1
0.4,99.3,1
0.6,179.9,1
0.8,180.9,1
5.8,73.8,1
6.1,214.0,1
6.2,106.7,1
6.3,123.5,1
6.4,117.2,1
11.5,91.4,1
11.7,197.9,1
11.9,206.7,1
12.0,117.0,1
12.2,201.6,1
17.4,130.9,1
17.4,80.3,1
17.6,114.7,1
17.7,114.7,1
17.7,69.8,1
22.9,121.3,1
23.0,114.5,1
23.1,163.2,1
23.2,98.1,1
23.3,113.2,1
28.6,212.7,1
28.8,242.6,1
28.9,114.7,1
29.0,110.6,1
29.2,184.2,1
34.3,125.8,1
34.4,112.7,1
34.6,182.1,1
34.7,110.9,1
34.8,89.8,1
40.0,125.5,1
40.2,249.5,1
40.3,120.3,1
40.4,90.8,1
40.5,117.1,1
45.6,111.4,1
45.8,109.5,1
45.9,186.6,1
46.1,123.2,1
46.2,111.6,1
51.3,114.6,1
51.4,128.6,1
52.0,534.3,1
52.1,150.0,1
52.2,116.1,1
57.3,113.1,1
57.4,67.2,1
57.5,107.5,1
57.6,95.0,1
57.9,294.0,1
63.0,124.1,1
63.2,178.6,1
63.6,390.0,1
64.2,607.3,1
64.4,199.6,1
69.7,303.3,1
69.8,125.2,1
70.2,376.8,1
70.4,219.4,1
70.6,181.2,1
75.7,128.0,1
75.9,132.4,1
76.1,193.5,1
76.2,186.8,1
76.4,152.6,1
81.7,255.0,1
81.8,125.2,1
82.1,275.0,1
82.4,336.0,1
82.7,303.6,1
87.8,143.0,1
87.9,93.5,1
88.1,126.2,1
88.1,89.1,1
88.3,139.4,1
93.5,189.9,1
93.9,405.9,1
94.1,231.0,1
94.3,222.0,1
94.6,289.5,1
99.7,123.4,1
99.9,124.1,1
100.0,128.5,1
100.2,230.1,1
100.6,374.3,1
105.7,74.7,1
105.8,110.0,1
105.9,121.6,1
106.2,240.6,1
106.3,130.0,1
111.4,162.2,1
111.6,148.8,1
111.7,121.7,1
112.2,495.7,1
112.4,201.8,1
117.6,188.4,1
117.7,137.6,1
117.9,129.0,1
117.9,73.9,1
118.0,96.9,1
123.2,198.3,1
123.3,87.9,1
123.7,350.4,1
123.8,96.3,1
123.9,166.9,1
129.1,136.7,1
129.2,107.9,1
129.3,114.2,1
129.4,122.7,1
129.6,140.2,1
134.6,75.3,1
134.8,179.9,1
135.4,584.9,1
135.5,134.9,1
135.6,108.3,1
140.8,127.9,1
140.9,157.4,1
141.0,116.4,1
141.2,174.2,1
141.4,189.9,1
146.6,142.9,1
146.8,233.8,1
147.1,324.0,1
147.3,219.3,1
147.6,293.4,1
152.9,249.0,1
153.0,126.0,1
153.1,111.0,1
153.2,132.0,1
153.4,175.5,1
158.5,115.2,1
158.6,107.0,1
158.8,119.0,1
158.9,121.5,1
159.0,108.6,1
164.3,276.8,1
165.0,698.1,1
165.2,257.0,1
165.5,260.8,1
165.6,70.8,1
170.6,75.0,1
171.0,396.3,1
171.2,186.0,1
171.3,121.3,1
171.5,190.7,1
176.6,119.5,1
176.8,122.8,1
176.9,153.6,1
177.2,238.5,1
177.4,254.9,1
182.6,147.8,1
182.7,177.5,1
183.0,261.9,1
183.1,131.9,1
183.7,537.8,1
188.9,219.3,1
189.0,139.9,1
189.1,112.7,1
189.6,414.9,1
189.9,338.9,1
195.0,132.5,1
195.3,281.8,1
195.7,384.2,1
196.0,275.9,1
196.6,627.8,1
202.1,506.2,1
202.3,216.2,1
202.6,303.8,1
202.9,231.9,1
203.0,147.8,1
208.3,308.5,1
208.5,164.8,1
208.8,360.7,1
209.0,126.9,1
209.1,136.2,1
214.4,311.4,1
214.6,234.0,1
214.8,153.6,1
215.0,198.1,1
215.4,429.6,1
220.5,113.5,1
220.6,91.6,1
220.9,246.4,1
221.1,191.8,1
221.3,207.0,1
227.2,917.2,1
227.4,172.7,1
228.0,675.5,1
228.2,114.8,1
228.3,155.1,1
233.6,285.4,1
233.9,289.6,1
234.2,260.7,1
235.2,999.1,1
235.7,510.0,1
240.8,120.6,1
241.0,183.7,1
241.7,712.1,1
242.0,321.7,1
242.4,393.7,1
248.0,557.5,1
248.5,501.0,1
248.9,449.7,1
249.2,342.5,1
249.7,414.8,1
255.3,661.8,1
256.6,1325.9,1
257.3,666.1,1
257.5,222.6,1
258.2,660.4,1
263.9,693.1,1
264.2,310.3,1
265.4,1177.7,1
266.1,732.8,1
266.8,684.1,1
272.0,166.1,1
273.8,1870.5,1
274.4,579.5,1
275.2,828.3,1
275.9,662.5,1
281.8,858.7,1
282.7,943.0,1
283.0,287.8,1
283.8,787.7,1
285.7,1900.6,1
293.4,2700.5,1
294.1,740.0,1
295.0,882.2,1
296.7,1678.7,1
297.2,475.2,1
302.5,295.9,1
303.0,497.8,1
304.0,1039.1,1
304.3,271.5,1
304.5,204.9,1
310.5,1036.1,1
311.1,548.7,1
311.3,270.5,1
312.1,818.3,1
312.4,256.1,1
319.2,1805.2,1
319.8,632.7,1
320.2,397.7,1
320.4,194.8,1
321.0,601.0,1
326.3,303.5,1
326.5,151.9,1
326.6,133.8,1
326.8,174.2,1
327.1,317.5,1
332.3,178.4,1
332.5,204.9,1
332.7,222.6,1
332.9,203.3,1
333.3,345.8,1
338.5,253.2,1
338.7,162.3,1
340.2,1550.1,1
340.4,178.6,1
340.8,365.0,1
346.2,431.1,1
346.3,138.7,1
346.9,555.9,1
347.1,177.5,1
347.4,283.6,1
353.0,687.0,1
353.4,368.5,1
353.8,403.5,1
353.9,129.8,1
354.3,380.6,1
359.8,460.0,1
360.0,160.1,1
360.6,699.0,1
360.8,156.0,1
361.0,206.2,1
366.5,484.3,1
366.6,135.7,1
367.1,476.4,1
367.6,443.9,1
367.9,302.2,1
373.2,320.6,1
373.5,294.1,1
373.6,158.1,1
374.1,459.1,1
374.2,161.9,1
380.0,792.5,1
381.0,964.8,1
381.4,349.3,1
381.6,253.9,1
382.0,359.7,1
387.1,169.2,1
387.3,188.0,1
388.0,666.9,1
388.2,171.5,1
389.1,978.5,1
395.1,926.8,1
395.6,509.4,1
395.9,337.4,1
396.5,569.3,1
397.2,759.0,1
402.4,195.1,1
402.9,491.8,1
403.4,459.5,1
403.7,346.9,1
406.3,2578.2,1
412.1,777.0,1
412.6,482.2,1
412.9,280.9,1
413.4,541.0,1
414.9,1530.0,1
420.1,204.9,1
420.8,635.2,1
421.4,659.9,1
421.7,278.0,1
422.1,425.6,1
427.9,722.1,1
429.3,1487.5,1
430.2,837.1,1
430.3,137.1,1
430.8,449.6,1
436.6,806.0,1
437.1,483.1,1
438.0,930.7,1
445.8,7851.6,1
450.6,4739.4,1
463.6,8064.0,1
470.7,7081.9,1
480.7,10010.0,0
490.6,9896.8,1
500.6,10010.1,0
515.6,10011.1,0
516.0,306.4,1
526.0,10010.4,0
536.0,10010.0,0
537.2,1192.5,1
552.2,10010.3,0
552.6,410.0,1
552.9,295.2,1
562.9,10009.8,0
572.9,10010.0,0
587.9,10010.3,0
597.9,10010.6,0
607.9,10010.0,0
617.9,10011.3,0
628.0,10009.6,0
643.0,10010.5,0
653.0,10010.3,0
653.3,286.0,1
663.3,10011.6,0
664.2,891.7,1
669.4,279.2,1
673.4,4003.3,1
676.6,3102.6,1
677.0,425.6,1
677.8,781.0,1
683.1,329.8,1
683.5,459.8,1
683.9,308.9,1
684.1,287.0,1
684.3,145.7,1
689.4,145.2,1
689.6,191.7,1
690.2,609.9,1
690.4,145.5,1
690.7,315.1,1
695.9,169.1,1
696.3,458.0,1
696.5,191.1,1
696.7,136.9,1
697.3,657.3,1
702.5,195.4,1
702.7,200.7,1
703.0,309.7,1
703.1,95.6,1
703.4,243.3,1
708.5,181.5,1
708.7,191.3,1
709.0,232.6,1
709.2,270.7,1
709.6,413.2,1
714.8,170.2,1
715.0,202.2,1
715.2,165.0,1
715.6,445.5,1
715.9,317.4,1
721.2,251.3,1
721.4,153.2,1
721.7,318.2,1
721.8,145.0,1
722.0,182.1,1
727.1,126.7,1
727.2,106.0,1
727.6,403.8,1
727.9,281.0,1
728.3,427.9,1
733.6,215.0,1
733.9,365.1,1
734.2,238.2,1
734.3,138.1,1
734.6,288.7,1
739.8,259.0,1
740.3,467.4,1
740.4,132.3,1
740.6,179.0,1
740.9,249.7,1
746.1,175.8,1
746.2,123.2,1
746.3,137.0,1
746.5,207.2,1
746.8,323.1,1
752.0,171.4,1
752.3,290.3,1
752.4,135.3,1
752.5,97.5,1
752.7,120.7,1
757.8,108.7,1
758.1,294.0,1
758.2,137.8,1
758.3,130.1,1
758.4,122.6,1
763.6,114.7,1
763.7,141.8,1
763.9,183.9,1
764.2,317.6,1
764.3,120.5,1
769.4,104.1,1
769.5,90.9,1
769.6,119.7,1
770.1,459.3,1
770.2,114.4,1
775.4,146.0,1
775.5,185.5,1
775.8,210.6,1
776.0,281.8,1
776.2,119.6,1
781.3,136.5,1
781.4,137.9,1
781.6,117.2,1
781.8,213.1,1
781.9,146.3,1
787.0,121.4,1
787.2,128.9,1
787.3,129.4,1
787.4,135.1,1
787.5,91.7,1
792.7,206.8,1
792.8,120.9,1
793.0,191.4,1
793.1,82.6,1
793.2,123.5,1
798.4,192.2,1
798.6,118.5,1
798.6,67.4,1
798.9,243.2,1
799.0,183.9,1
804.2,128.3,1
804.3,140.7,1
804.4,129.2,1
804.6,122.6,1
804.7,88.1,1
809.7,88.7,1
809.9,154.3,1
810.0,136.6,1
810.2,181.0,1
810.5,323.0,1
815.7,115.9,1
815.8,112.8,1
815.9,135.4,1
816.0,84.0,1
816.2,257.0,1
821.4,116.5,1
821.5,127.9,1
821.8,328.9,1
821.9,113.6,1
822.1,121.1,1
827.1,88.7,1
827.3,134.5,1
827.4,112.8,1
827.5,79.1,1
827.5,62.4,1
832.6,91.5,1
832.8,129.1,1
832.8,87.5,1
833.0,109.6,1
833.2,241.7,1
838.3,116.0,1
838.4,103.2,1
838.5,131.1,1
838.7,113.7,1
838.7,80.3,1
844.0,270.3,1
844.1,138.2,1
844.3,174.4,1
844.5,164.1,1
844.8,268.0,1
849.9,102.4,1
850.0,116.3,1
850.0,64.1,1
850.5,435.1,1
850.5,73.4,1
855.7,118.9,1
855.7,74.6,1
855.9,114.5,1
856.1,264.1,1
856.2,89.7,1
861.3,123.7,1
861.5,180.6,1
861.6,108.9,1
861.7,125.1,1
861.9,165.8,1
867.0,137.0,1
867.2,107.4,1
867.4,202.3,1
867.5,122.0,1
867.6,121.7,1
872.7,133.0,1
873.1,402.7,1
873.3,128.0,1
873.3,73.7,1
873.5,114.3,1
878.5,61.7,1
878.7,136.1,1
878.8,121.7,1
878.9,116.5,1
879.0,117.3,1
884.1,121.3,1
884.4,313.0,1
884.6,118.7,1
884.6,81.9,1
884.9,284.0,1
890.0,108.9,1
890.2,116.6,1
890.5,386.7,1
890.6,90.1,1
890.8,187.6,1
895.9,110.0,1
896.0,121.8,1
896.1,92.6,1
896.3,160.2,1
896.4,141.7,1
901.5,89.7,1
901.6,101.6,1
901.8,123.9,1
901.9,184.1,1
902.0,101.4,1
907.2,122.2,1
907.3,99.0,1
907.3,63.0,1
907.4,112.5,1
907.5,63.3,1
912.7,189.4,1
912.8,69.0,1
912.8,80.4,1
912.9,105.2,1
913.1,121.6,1
918.1,63.0,1
918.3,120.6,1
918.3,88.5,1
918.4,80.7,1
918.5,121.5,1
923.9,314.6,1
924.0,131.7,1
924.1,112.6,1
924.2,114.4,1
924.3,98.7,1
929.4,72.1,1
929.5,63.9,1
929.6,161.4,1
929.7,111.1,1
929.8,111.4,1
935.0,117.3,1
935.0,64.7,1
935.1,124.4,1
935.2,104.3,1
935.4,109.7,1
940.4,74.0,1
940.6,214.0,1
940.8,113.2,1
940.9,124.2,1
940.9,63.5,1
946.0,78.5,1
946.1,119.7,1
946.3,122.2,1
946.4,127.1,1
946.5,120.9,1
951.7,138.8,1
951.7,78.1,1
951.9,123.8,1
952.0,108.7,1
952.2,207.8,1
957.2,65.3,1
957.3,100.9,1
957.6,312.0,1
957.8,116.0,1
957.9,157.2,1
963.0,100.7,1
963.1,122.8,1
963.2,78.8,1
963.5,319.9,1
963.7,132.3,1
968.8,75.1,1
968.9,101.7,1
969.0,114.8,1
969.1,98.8,1
969.2,125.1,1
974.3,130.9,1
974.6,257.4,1
974.7,141.7,1
974.8,123.8,1
974.9,99.3,1
980.1,124.4,1
980.2,127.1,1
980.4,233.8,1
980.6,121.0,1
980.8,205.0,1
985.9,158.6,1
986.1,213.9,1
986.3,125.9,1
986.4,158.6,1
986.6,140.7,1
991.7,101.3,1
991.8,102.6,1
992.0,207.0,1
992.1,116.1,1
992.2,138.1,1
997.3,115.1,1
997.4,76.3,1
997.7,257.6,1
997.8,107.1,1
997.9,130.8,1
1003.0,142.9,1
1003.1,86.4,1
1003.4,289.2,1
1003.5,109.4,1
1003.9,369.5,1
1009.0,119.3,1
1009.2,133.3,1
1009.3,136.4,1
1009.4,129.7,1
1009.5,124.4,1
1015.1,512.3,1
1015.2,118.7,1
1015.3,143.8,1
1015.6,246.0,1
1015.8,267.7,1
1020.9,110.2,1
1021.2,205.0,1
1021.3,107.1,1
1021.4,153.7,1
1021.5,129.9,1
1026.7,191.4,1
1027.0,224.0,1
1027.1,186.4,1
1027.3,146.5,1
1027.4,141.3,1
1032.5,104.4,1
1032.8,283.6,1
1032.9,117.0,1
1033.1,127.6,1
1033.2,117.0,1
1038.3,125.5,1
1038.4,126.9,1
1038.7,217.3,1
1038.7,75.1,1
1038.9,132.8,1
1043.9,78.7,1
1044.0,101.9,1
1044.1,60.1,1
1044.2,126.6,1
1044.3,77.8,1
1049.4,114.9,1
1049.6,214.7,1
1049.8,191.4,1
1050.0,213.9,1
1050.3,223.3,1
1055.4,171.9,1
1055.6,142.0,1
1055.7,119.7,1
1055.8,128.2,1
1056.1,257.4,1
1061.3,229.4,1
1061.4,135.5,1
1061.6,138.3,1
1061.7,125.1,1
1061.8,121.3,1
1066.9,95.0,1
1067.2,276.1,1
1067.4,210.6,1
1067.5,130.9,1
1068.2,608.5,1
1073.2,61.6,1
1073.4,227.1,1
1073.7,215.3,1
1073.7,88.4,1
1073.9,128.6,1
1079.0,100.6,1
1079.1,98.2,1
1079.3,270.8,1
1079.6,236.2,1
1079.7,76.9,1
1084.7,71.3,1
1085.0,311.1,1
1085.2,175.3,1
1085.9,638.8,1
1086.0,144.9,1
1091.5,499.9,1
1091.9,431.5,1
1092.0,102.5,1
1092.3,218.7,1
1092.5,285.2,1
1097.8,286.9,1
1098.0,130.2,1
1098.1,98.7,1
1098.6,581.8,1
1099.9,1273.8,1
1105.1,151.4,1
1105.2,134.0,1
1105.6,394.5,1
1105.8,243.8,1
1106.1,298.8,1
1111.4,311.9,1
1111.6,124.8,1
1111.7,181.6,1
1112.0,299.7,1
1112.2,135.1,1
1117.3,154.5,1
1117.6,301.6,1
1117.7,106.1,1
1117.9,119.4,1
1118.0,112.3,1
1123.6,637.4,1
1124.5,908.7,1
1125.1,547.7,1
1125.4,370.0,1
1126.1,658.9,1
1131.7,572.0,1
1132.0,352.9,1
1132.2,204.5,1
1132.4,148.0,1
1132.7,312.7,1
1138.0,334.1,1
1138.2,130.9,1
1138.3,182.1,1
1138.9,513.2,1
1139.3,489.7,1
1144.5,148.4,1
1145.4,944.6,1
1145.6,209.0,1
1146.1,481.4,1
1146.9,729.0,1
1152.2,293.9,1
1152.7,578.1,1
1153.1,382.3,1
1153.3,156.6,1
1153.5,208.2,1
1159.1,668.0,1
1159.4,302.2,1
1161.1,1642.4,1
1161.5,411.8,1
1161.8,263.5,1
1167.1,306.4,1
1167.5,464.0,1
1167.9,401.1,1
1168.4,495.5,1
1169.1,620.9,1
1174.7,689.8,1
1175.3,593.6,1
1175.5,207.6,1
1176.0,440.3,1
1176.4,393.5,1
1181.8,400.6,1
1182.8,1007.7,1
1183.3,533.4,1
1183.9,577.1,1
1184.4,521.1,1
1191.0,1593.9,1
1191.8,761.2,1
1192.0,199.9,1
1193.2,1224.1,1
1194.5,1331.6,1
1199.8,268.4,1
1200.2,384.5,1
1200.6,397.1,1
1201.3,741.0,1
1201.5,191.8,1
1207.0,517.6,1
1207.9,877.7,1
1208.1,236.5,1
1208.3,185.3,1
1210.0,1635.3,1
1216.1,1155.1,1
1216.7,605.4,1
1217.7,967.1,1
1217.9,210.8,1
1219.3,1367.4,1
1224.6,351.3,1
1225.0,417.4,1
1225.7,624.2,1
1225.8,165.7,1
1226.0,207.4,1
1231.2,130.6,1
1231.6,394.3,1
1231.8,203.5,1
1232.3,488.5,1
1232.8,497.9,1
1238.3,541.5,1
1238.8,550.7,1
1239.0,193.6,1
1239.2,159.5,1
1240.7,1494.3,1
1245.9,162.4,1
1246.0,168.8,1
1246.3,323.9,1
1246.6,240.8,1
1246.8,236.0,1
1252.1,278.8,1
1252.7,559.4,1
1253.2,576.9,1
1253.5,216.8,1
1253.9,446.0,1
1259.0,82.2,1
1259.1,131.1,1
1259.3,212.5,1
1259.6,312.6,1
1259.8,120.5,1
1265.0,258.6,1
1265.2,213.1,1
1265.4,163.0,1
1266.4,1051.1,1
1266.6,136.9,1
1271.7,136.3,1
1271.9,151.1,1
1272.1,206.5,1
1272.5,437.2,1
1272.7,179.0,1
1277.9,231.3,1
1278.6,702.9,1
1278.8,128.1,1
1278.9,168.8,1
1279.6,641.8,1
1284.7,181.5,1
1285.6,835.1,1
1286.1,474.0,1
1286.6,572.2,1
1287.0,419.2,1
1292.4,388.7,1
1292.7,218.8,1
1292.9,206.5,1
1293.3,435.9,1
1293.6,308.2,1
1299.0,389.1,1
1299.3,353.6,1
1299.6,248.0,1
1300.4,792.8,1
1300.7,346.0,1
1306.3,562.8,1
1306.7,441.2,1
1307.5,710.6,1
1308.0,566.5,1
1308.8,759.4,1
1315.3,1519.7,1
1316.0,741.8,1
1316.8,777.1,1
1317.9,1111.0,1
1319.1,1167.4,1
1326.9,2849.5,1
1327.5,508.7,1
1328.4,916.1,1
1329.0,581.3,1
1331.2,2241.6,1
1337.5,1278.6,1
1342.4,4895.4,1
1346.0,3621.3,1
1349.7,3739.5,1
1355.4,5672.2,1
1365.7,5325.8,1
1375.7,10009.8,0
1385.8,10016.1,0
1387.6,1860.2,1
1397.6,10009.7,0
1403.3,692.8,1
1404.2,924.5,1
1406.0,1728.0,1
1416.0,10011.7,0
1426.0,10011.0,0
1441.0,10009.9,0
1451.0,10010.0,0
1461.0,10012.0,0
1471.0,10010.0,0
1481.0,10010.0,0
1496.1,10010.3,0
1506.1,10010.5,0
1506.8,754.4,1
1516.8,10009.6,0
1526.8,10011.0,0
1541.8,10010.7,0
1551.9,10010.5,0
1561.9,10011.4,0
1563.7,1873.3,1
1567.4,3646.1,1
1576.8,4435.8,1
1581.9,5100.9,1
1582.3,369.7,1
1582.5,156.3,1
1582.7,197.2,1
1587.8,159.7,1
1587.9,129.6,1
1588.3,318.4,1
1588.5,261.0,1
1588.7,170.2,1
1594.0,287.8,1
1594.2,269.7,1
1594.6,385.7,1
1595.0,387.2,1
1595.4,341.0,1
1600.5,167.0,1
1600.7,139.2,1
1601.0,379.9,1
1601.6,593.2,1
1601.8,157.4,1
1607.2,397.0,1
1607.5,258.7,1
1607.6,188.0,1
1608.0,383.3,1
1608.2,199.7,1
1613.9,675.8,1
1614.1,234.5,1
1614.3,115.2,1
1614.4,192.8,1
1614.7,212.8,1
1619.9,236.7,1
1620.1,159.5,1
1620.2,139.5,1
1620.3,151.8,1
1620.5,136.7,1
1625.6,156.2,1
1626.0,328.6,1
1626.1,149.5,1
1626.9,774.8,1
1627.0,141.6,1
1632.5,502.9,1
1632.6,104.6,1
1632.8,150.7,1
1633.0,249.8,1
1633.2,143.5,1
1638.6,414.9,1
1638.9,284.4,1
1639.1,167.7,1
1639.2,183.5,1
1639.5,305.1,1
1644.6,108.5,1
1644.8,184.0,1
1645.1,292.7,1
1645.3,131.2,1
1645.4,135.2,1
1650.6,238.8,1
1650.8,131.6,1
1650.9,104.1,1
1651.0,126.5,1
1651.2,207.3,1
1656.3,134.9,1
1656.5,126.8,1
1656.6,103.7,1
1656.7,110.9,1
1656.8,173.2,1
1662.1,274.1,1
1662.3,190.3,1
1662.4,65.0,1
1662.5,141.9,1
1662.6,124.8,1
1667.8,166.0,1
1668.1,319.6,1
1668.2,114.4,1
1668.3,87.6,1
1668.4,75.1,1
1673.6,177.8,1
1673.9,306.6,1
1674.0,139.7,1
1674.3,261.4,1
1674.4,91.0,1
1679.5,121.1,1
1679.6,132.6,1
1679.7,109.1,1
1680.0,249.3,1
1680.1,118.8,1
1685.4,315.6,1
1685.9,459.0,1
1686.1,243.2,1
1686.2,104.6,1
1686.7,473.5,1
1691.8,118.6,1
1692.1,283.3,1
1692.2,129.8,1
1692.4,113.4,1
1692.5,186.6,1
1697.7,115.1,1
1697.7,80.7,1
1697.9,145.1,1
1698.0,103.9,1
1698.1,69.8,1
1703.2,103.4,1
1703.3,130.5,1
1703.5,165.7,1
1703.6,99.2,1
1703.7,178.0,1
1708.8,103.4,1
1708.9,72.0,1
1709.0,124.0,1
1709.1,102.4,1
1709.3,117.7,1
1714.4,114.6,1
1714.4,67.4,1
1714.6,126.7,1
1714.7,129.7,1
1714.8,124.3,1
1719.9,104.0,1
1720.1,135.3,1
1720.2,139.3,1
1720.3,131.3,1
1720.5,123.9,1
1725.6,115.4,1
1725.8,258.3,1
1725.9,87.9,1
1726.2,289.9,1
1726.3,131.0,1
1731.4,63.5,1
1731.5,87.7,1
1731.6,80.8,1
1731.6,73.3,1
1731.8,132.6,1
1736.9,144.3,1
1737.0,114.8,1
1737.1,113.8,1
1737.4,268.1,1
1737.5,111.2,1
1742.6,117.0,1
1742.8,193.3,1
1742.9,90.8,1
1743.1,127.5,1
1743.1,75.1,1
1748.2,111.6,1
1748.4,114.5,1
1748.5,125.8,1
1748.6,138.6,1
1748.7,110.2,1
1753.8,86.5,1
1753.9,86.2,1
1754.0,119.3,1
1754.1,117.7,1
1754.3,132.2,1
1759.3,64.7,1
1759.5,213.4,1
1759.6,86.5,1
1759.8,157.1,1
1759.9,112.2,1
1765.1,161.5,1
1765.2,111.3,1
1765.3,74.3,1
1765.3,91.7,1
1765.4,95.4,1
1770.6,116.0,1
1770.7,136.5,1
1770.9,253.9,1
1771.0,98.9,1
1771.1,89.8,1
1776.3,132.5,1
1776.4,116.2,1
1776.5,129.6,1
1776.6,88.6,1
1776.7,131.5,1
1781.9,123.7,1
1782.0,106.8,1
1782.1,146.5,1
1782.2,122.7,1
1782.5,229.1,1
1787.6,117.9,1
1787.8,240.4,1
1788.0,129.7,1
1788.0,77.3,1
1788.1,94.9,1
1793.4,300.8,1
1793.6,131.0,1
1793.7,122.0,1
1793.8,112.6,1
1793.9,121.0,1
1799.0,110.3,1
1799.1,114.6,1
1799.2,108.9,1
1799.3,105.0,1
1799.5,113.1,1
1804.6,102.8,1
1804.7,104.1,1
1804.8,85.8,1
1804.9,104.2,1
1804.9,81.4,1
1810.1,159.9,1
1810.2,63.5,1
1810.2,63.6,1
1810.3,96.7,1
1810.4,109.5,1
1815.5,80.6,1
1815.6,112.2,1
1815.7,92.2,1
1815.9,145.4,1
1815.9,65.3,1
1821.1,122.8,1
1821.2,141.4,1
1821.3,118.5,1
1821.5,210.5,1
1821.6,115.3,1
1826.7,77.0,1
1826.8,89.7,1
1826.9,99.2,1
1827.0,127.3,1
1827.1,65.9,1
1832.2,119.6,1
1832.4,194.8,1
1832.5,119.1,1
1832.6,118.5,1
1832.8,120.8,1
1837.9,121.9,1
1838.0,115.2,1
1838.1,119.4,1
1838.2,105.8,1
1838.3,110.6,1
1843.5,122.7,1
1843.5,71.5,1
1843.7,193.7,1
1843.8,104.0,1
1843.9,94.2,1
1849.1,219.3,1
1849.3,155.8,1
1849.5,148.8,1
1849.6,113.8,1
1849.7,103.0,1
1854.7,79.0,1
1854.9,137.1,1
1855.0,130.9,1
1855.1,111.6,1
1855.3,120.9,1
1860.4,109.3,1
1860.6,205.4,1
1860.8,207.0,1
1861.1,296.0,1
1861.2,115.7,1
1866.3,69.3,1
1866.4,97.7,1
1866.6,268.6,1
1866.7,116.7,1
1866.9,123.0,1
1871.9,65.4,1
1872.0,99.2,1
1872.1,125.5,1
1872.5,395.4,1
1872.6,71.5,1
1878.0,386.9,1
1878.1,113.3,1
1878.5,386.3,1
1878.6,137.9,1
1878.7,107.1,1
1883.9,159.7,1
1884.1,232.7,1
1884.3,173.7,1
1884.5,136.7,1
1884.5,84.8,1
1889.6,111.2,1
1889.7,67.6,1
1889.8,130.8,1
1890.0,178.2,1
1890.1,119.1,1
1895.3,114.0,1
1895.5,240.2,1
1895.6,131.8,1
1896.2,565.3,1
1896.3,137.9,1
1901.4,95.3,1
1901.6,221.1,1
1901.7,100.2,1
1901.9,137.2,1
1902.0,95.7,1
1907.1,132.6,1
1907.4,263.9,1
1907.5,164.2,1
1907.6,89.8,1
1907.8,204.8,1
1913.0,115.2,1
1913.1,107.7,1
1913.4,293.5,1
1913.4,78.6,1
1913.6,125.2,1
1918.7,137.5,1
1918.8,124.7,1
1919.0,220.7,1
1919.1,85.8,1
1919.2,107.1,1
1924.5,270.2,1
1924.6,145.1,1
1924.9,201.6,1
1925.0,113.7,1
1925.1,116.6,1
1930.2,88.6,1
1930.3,142.0,1
1930.5,200.3,1
1930.7,140.7,1
1930.8,141.2,1
1936.1,305.1,1
1936.2,116.1,1
1936.4,214.3,1
1936.8,368.4,1
1936.9,120.6,1
1942.1,160.3,1
1942.2,123.1,1
1942.3,142.4,1
1942.5,128.2,1
1942.8,286.6,1
1947.9,93.0,1
1947.9,86.5,1
1948.1,130.3,1
1948.3,243.4,1
1948.5,149.0,1
1953.7,199.5,1
1954.0,329.7,1
1954.1,123.7,1
1954.4,303.1,1
1954.6,134.4,1
1959.7,123.9,1
1959.8,98.4,1
1959.9,92.0,1
1960.0,132.4,1
1960.1,136.1,1
1965.3,141.4,1
1965.5,193.1,1
1965.8,378.0,1
1966.1,257.6,1
1966.3,165.7,1
1971.4,99.4,1
1971.6,219.8,1
1971.7,84.6,1
1971.8,139.3,1
1971.9,120.8,1
1977.0,111.4,1
1977.2,196.7,1
1977.5,211.8,1
1977.5,91.3,1
1977.7,185.7,1
1982.8,103.5,1
1983.1,286.7,1
1983.3,170.9,1
1983.5,224.5,1
1983.7,207.8,1
1988.8,105.8,1
1989.4,569.1,1
1990.0,632.5,1
1990.2,194.5,1
1990.3,121.3,1
1995.5,142.5,1
1995.7,217.9,1
1996.1,411.2,1
1996.3,167.2,1
1996.4,125.7,1
2001.5,127.1,1
2001.9,402.2,1
2002.3,328.3,1
2002.4,121.9,1
2002.6,191.3,1
2008.0,373.2,1
2008.2,209.3,1
2008.3,130.6,1
2008.5,154.9,1
2008.6,144.3,1
2013.9,301.7,1
2014.3,358.7,1
2014.7,464.6,1
2015.0,320.9,1
2015.2,172.1,1
2020.3,110.3,1
2020.4,118.1,1
2020.8,327.1,1
2021.0,273.8,1
2021.2,166.8,1
2026.3,113.3,1
2026.6,322.5,1
2027.0,320.9,1
2027.5,494.6,1
2027.6,156.4,1
2033.4,796.8,1
2034.9,1501.2,1
2035.3,340.4,1
2036.1,878.1,1
2037.0,875.0,1
2042.7,644.5,1
2043.2,570.6,1
2043.6,387.4,1
2043.9,284.3,1
2044.2,270.2,1
2049.4,276.1,1
2050.0,507.4,1
2050.1,138.7,1
2050.2,138.6,1
2050.4,183.4,1
2055.6,163.3,1
2056.0,440.8,1
2056.2,220.9,1
2056.5,233.9,1
2057.5,1052.6,1
2062.8,323.1,1
2063.7,892.1,1
2064.4,624.5,1
2066.4,2051.7,1
2068.5,2116.8,1
2074.6,1045.5,1
2075.1,470.7,1
2076.1,1095.5,1
2077.1,944.5,1
2077.5,371.6,1
2082.8,360.0,1
2083.3,441.5,1
2084.7,1419.0,1
2085.5,824.0,1
2085.8,325.4,1
2091.8,1006.9,1
2092.1,207.7,1
2093.0,950.3,1
2094.3,1269.3,1
2095.1,777.3,1
2100.5,495.3,1
2100.9,384.1,1
2101.4,476.0,1
2102.3,893.1,1
2104.2,1889.4,1
2109.7,493.0,1
2109.9,238.7,1
2110.7,792.4,1
2111.3,616.0,1
2113.9,2576.3,1
2119.4,503.9,1
2119.6,221.6,1
2120.1,446.5,1
2121.1,1036.6,1
2121.7,614.2,1
2127.3,549.7,1
2127.5,245.1,1
2127.7,171.2,1
2128.2,500.8,1
2128.4,201.5,1
2134.1,733.4,1
2136.0,1909.7,1
2136.2,208.2,1
2137.0,774.6,1
2137.3,234.5,1
2142.6,388.1,1
2143.0,312.2,1
2143.1,165.7,1
2143.3,191.4,1
2143.6,245.9,1
2148.7,142.0,1
2148.9,175.6,1
2149.2,355.1,1
2149.4,200.3,1
2149.8,324.1,1
2155.0,270.1,1
2155.2,142.9,1
2155.4,233.8,1
2156.1,643.2,1
2156.7,689.1,1
2161.9,117.7,1
2162.0,136.5,1
2162.1,140.2,1
2162.4,308.6,1
2162.6,169.0,1
2167.8,238.0,1
2168.6,752.6,1
2168.8,229.5,1
2169.0,142.0,1
2169.3,371.2,1
2174.5,135.9,1
2175.1,579.6,1
2175.2,143.7,1
2175.6,421.9,1
2175.8,191.7,1
2181.0,175.9,1
2181.4,455.3,1
2181.6,193.9,1
2181.8,202.7,1
2182.0,140.7,1
2187.4,409.2,1
2187.7,309.9,1
2187.8,123.9,1
2188.7,903.6,1
2188.9,168.4,1
2194.1,168.0,1
2195.0,975.3,1
2195.5,503.0,1
2195.8,252.7,1
2195.9,146.7,1
2201.7,714.4,1
2201.9,260.2,1
2202.3,386.2,1
2202.7,409.3,1
2203.4,729.4,1
2208.8,322.0,1
2209.0,231.9,1
2210.7,1722.4,1
2211.2,515.9,1
2212.3,1056.2,1
2217.6,319.4,1
2218.0,411.7,1
2219.4,1420.0,1
2219.7,285.0,1
2220.2,472.0,1
2225.8,626.8,1
2227.5,1684.3,1
2228.5,993.6,1
2229.3,763.7,1
2229.7,401.8,1
2235.6,945.9,1
2236.4,738.8,1
2236.9,522.5,1
2237.7,785.3,1
2238.2,540.0,1
2244.5,1327.7,1
2249.7,5164.7,1
2252.1,2402.5,1
2259.3,7170.3,1
2262.9,3580.3,1
2277.9,10010.1,0
2287.9,10010.0,0
2290.5,2617.6,1
2291.5,1027.3,1
2301.5,10012.7,0
2310.3,3722.5,1
2315.8,5543.8,1
2325.8,10010.6,0
2335.8,10010.2,0
2345.8,10014.0,0
2360.8,10010.4,0
2370.9,10010.4,0
2380.9,10010.2,0
2382.6,1721.5,1
2392.6,10010.3,0
2407.6,10009.9,0
2417.6,10016.3,0
2427.6,10009.8,0
2437.6,10009.9,0
2447.7,10010.0,0
2462.7,10009.7,0
2472.7,10012.0,0
2481.5,8854.1,1
2482.1,537.1,1
2492.1,10013.8,0
2497.2,167.1,1
2497.4,151.2,1
2498.0,555.1,1
2498.1,163.8,1
2498.5,399.3,1
2503.7,171.7,1
2504.0,305.0,1
2504.1,143.8,1
2504.4,276.0,1
2504.6,145.8,1
2509.6,71.6,1
2509.9,302.4,1
2510.1,125.0,1
2510.4,380.0,1
2510.5,108.0,1
2515.6,93.9,1
2516.0,374.8,1
2516.1,115.9,1
2516.4,262.8,1
2516.8,419.7,1
2522.1,314.2,1
2522.3,129.0,1
2522.7,451.8,1
2523.2,503.7,1
2523.4,156.0,1
2528.5,172.9,1
2528.7,110.8,1
2528.8,158.1,1
2529.0,139.3,1
2529.1,135.0,1
2534.8,666.7,1
2534.9,143.7,1
2535.3,364.1,1
2536.1,851.1,1
2536.4,277.4,1
2541.5,157.2,1
2541.8,205.4,1
2542.0,217.6,1
2542.6,605.2,1
2542.7,127.4,1
2547.9,152.1,1
2548.5,598.8,1
2548.7,202.3,1
2548.8,167.6,1
2549.1,290.9,1
2554.3,140.7,1
2554.4,180.0,1
2554.6,127.7,1
2554.7,128.7,1
2554.9,202.7,1
2560.1,229.0,1
2560.4,316.6,1
2560.6,138.1,1
2560.7,131.0,1
2560.8,134.5,1
2566.0,127.2,1
2566.1,143.5,1
2566.3,150.6,1
2566.4,124.1,1
2566.5,98.4,1
2571.6,112.6,1
2571.7,144.9,1
2571.9,133.3,1
2572.0,128.3,1
2572.2,175.7,1
2577.4,179.6,1
2577.5,125.1,1
2577.6,125.1,1
2577.8,146.5,1
2577.9,129.8,1
2583.2,312.8,1
2583.3,144.9,1
2583.5,107.2,1
2583.6,103.5,1
2583.7,178.2,1
2588.8,109.4,1
2589.0,129.2,1
2589.1,86.4,1
2589.2,132.6,1
2589.3,125.7,1
2594.4,105.6,1
2594.6,127.1,1
2594.7,104.2,1
2594.7,73.3,1
2594.8,89.3,1
2599.9,124.2,1
2600.1,140.6,1
2600.2,114.8,1
2600.4,251.9,1
2600.6,121.0,1
2605.6,66.7,1
2605.8,177.3,1
2605.9,103.1,1
2606.1,192.3,1
2606.4,248.5,1
2611.5,186.1,1
2611.7,138.2,1
2611.8,130.7,1
2612.0,137.4,1
2612.1,182.2,1
2617.3,200.7,1
2617.4,111.2,1
2617.5,98.4,1
2617.7,123.5,1
2617.7,65.3,1
2623.0,262.9,1
2623.2,195.9,1
2623.3,107.6,1
2623.5,172.8,1
2623.6,105.6,1
2628.6,64.0,1
2628.8,158.2,1
2629.0,239.4,1
2629.2,118.2,1
2629.2,60.0,1
2634.3,106.8,1
2634.4,63.7,1
2634.5,129.9,1
2634.6,68.7,1
2634.7,128.0,1
2639.9,141.8,1
2640.0,165.0,1
2640.1,118.9,1
2640.2,105.5,1
2640.4,122.9,1
2645.5,102.3,1
2645.6,118.3,1
2645.7,79.4,1
2645.8,138.5,1
2645.9,123.0,1
2651.1,123.4,1
2651.1,82.0,1
2651.3,117.0,1
2651.4,112.2,1
2651.5,96.6,1
2656.7,282.9,1
2656.9,127.9,1
2656.9,69.0,1
2657.1,114.7,1
2657.1,88.4,1
2662.2,83.4,1
2662.4,176.3,1
2662.6,214.6,1
2662.8,149.2,1
2662.9,98.8,1
2668.0,130.4,1
2668.4,365.6,1
2668.5,145.2,1
2668.6,103.8,1
2668.7,121.0,1
2674.0,274.9,1
2674.2,143.9,1
2674.4,292.9,1
2674.6,195.7,1
2674.7,95.6,1
2679.9,129.1,1
2680.1,244.6,1
2680.2,116.7,1
2680.3,77.5,1
2680.4,66.2,1
2685.4,70.2,1
2685.6,109.3,1
2685.8,280.4,1
2685.9,95.2,1
2686.1,170.9,1
2691.2,119.3,1
2691.3,108.9,1
2691.5,204.1,1
2691.7,121.2,1
2691.7,70.6,1
2696.8,84.1,1
2696.9,112.1,1
2697.0,88.9,1
2697.2,156.9,1
2697.3,89.9,1
2702.4,110.5,1
2702.4,81.2,1
2702.6,112.7,1
2702.6,73.1,1
2702.7,104.1,1
2707.9,124.9,1
2708.0,180.4,1
2708.2,118.7,1
2708.3,173.2,1
2708.5,127.9,1
2713.5,84.9,1
2713.7,141.9,1
2713.8,81.2,1
2713.9,130.4,1
2714.0,64.2,1
2719.1,94.5,1
2719.1,86.2,1
2719.2,71.9,1
2719.3,103.6,1
2719.4,67.0,1
2724.5,119.9,1
2724.6,77.3,1
2724.7,114.0,1
2724.9,199.7,1
2725.1,194.1,1
2730.2,116.3,1
2730.3,108.4,1
2730.4,70.5,1
2730.5,116.6,1
2730.6,84.8,1
2735.7,79.7,1
2735.8,127.5,1
2736.1,320.6,1
2736.2,133.1,1
2736.4,123.0,1
2741.5,110.5,1
2741.6,115.1,1
2741.7,76.7,1
2741.8,115.3,1
2741.9,133.7,1
2747.1,211.1,1
2747.2,111.9,1
2747.4,130.2,1
2747.5,76.3,1
2747.6,113.6,1
2752.6,65.0,1
2752.9,257.1,1
2753.1,223.2,1
2753.3,213.8,1
2753.5,127.3,1
2758.6,119.6,1
2758.7,120.6,1
2758.8,120.4,1
2758.9,116.1,1
2759.0,105.0,1
2764.1,105.1,1
2764.3,131.4,1
2764.5,246.6,1
2764.6,119.3,1
2764.8,124.0,1
2769.9,100.0,1
2770.0,129.0,1
2770.2,163.6,1
2770.2,93.8,1
2770.4,142.4,1
2775.5,71.5,1
2775.5,75.0,1
2775.6,88.9,1
2775.8,130.1,1
2776.0,231.7,1
2781.1,115.3,1
2781.4,279.4,1
2781.5,130.6,1
2781.7,180.6,1
2781.8,88.1,1
2787.0,256.6,1
2787.2,129.1,1
2787.3,138.0,1
2787.5,174.3,1
2787.6,141.1,1
2792.7,97.1,1
2792.8,81.0,1
2793.0,202.4,1
2793.1,128.4,1
2793.2,83.0,1
2798.4,143.9,1
2798.8,456.8,1
2799.1,321.9,1
2799.3,117.1,1
2799.4,113.2,1
2804.5,116.1,1
2804.6,126.4,1
2804.8,210.6,1
2805.0,147.1,1
2805.0,80.0,1
2810.2,135.2,1
2810.3,123.6,1
2810.4,132.1,1
2811.0,553.2,1
2811.1,145.1,1
2816.3,121.9,1
2816.4,148.9,1
2816.5,126.1,1
2816.8,282.8,1
2816.9,132.5,1
2822.1,107.5,1
2822.1,69.6,1
2822.3,137.1,1
2822.4,112.4,1
2822.4,74.0,1
2827.8,337.6,1
2827.9,124.8,1
2828.2,250.0,1
2828.3,129.5,1
2829.0,741.9,1
2834.1,112.3,1
2834.3,168.2,1
2834.9,601.6,1
2835.2,303.2,1
2835.4,142.3,1
2840.6,210.3,1
2840.9,288.2,1
2841.0,145.2,1
2841.1,100.4,1
2841.2,110.3,1
2846.4,189.2,1
2846.5,130.4,1
2846.7,128.0,1
2846.8,123.0,1
2847.0,234.7,1
2852.3,293.6,1
2852.4,99.9,1
2852.5,110.2,1
2852.7,184.3,1
2852.9,148.2,1
2858.0,112.2,1
2858.1,112.1,1
2858.5,438.4,1
2858.7,187.2,1
2859.0,244.6,1
2864.1,154.2,1
2864.2,116.6,1
2864.4,137.1,1
2864.7,380.5,1
2864.9,130.3,1
2870.0,105.7,1
2870.3,361.2,1
2870.5,138.0,1
2870.6,119.9,1
2870.7,118.3,1
2876.0,307.9,1
2876.2,188.5,1
2876.3,96.5,1
2876.4,125.2,1
2876.6,172.3,1
2881.7,126.4,1
2881.9,176.5,1
2882.0,130.1,1
2882.4,351.2,1
2882.5,144.0,1
2887.6,106.9,1
2887.8,141.4,1
2888.0,210.7,1
2888.1,155.6,1
2888.4,207.8,1
2893.6,211.2,1
2893.9,307.9,1
2894.1,179.1,1
2894.1,82.7,1
2894.3,143.6,1
2899.4,125.9,1
2899.5,141.9,1
2899.6,86.2,1
2900.0,401.6,1
2900.3,219.7,1
2905.4,178.8,1
2905.7,313.4,1
2906.0,269.7,1
2906.2,172.6,1
2906.5,300.8,1
2911.7,206.7,1
2911.8,139.4,1
2912.0,189.8,1
2912.2,176.6,1
2912.7,488.2,1
2917.8,135.3,1
2918.0,143.9,1
2918.1,148.0,1
2918.2,119.6,1
2918.4,129.1,1
2923.5,177.3,1
2923.7,199.7,1
2924.0,207.4,1
2924.4,403.0,1
2924.9,526.9,1
2930.3,430.5,1
2930.4,120.3,1
2930.7,247.2,1
2930.9,211.6,1
2931.4,458.8,1
2936.8,460.6,1
2937.0,169.6,1
2937.1,150.7,1
2937.5,403.1,1
2937.9,316.7,1
2944.1,1270.0,1
2944.3,151.4,1
2945.6,1342.6,1
2946.0,346.6,1
2946.4,447.7,1
2951.7,339.5,1
2951.9,188.9,1
2952.2,268.2,1
2952.8,595.4,1
2953.2,350.6,1
2958.4,276.8,1
2958.5,89.6,1
2959.0,491.5,1
2959.4,379.9,1
2959.9,490.8,1
2965.5,603.3,1
2966.0,496.8,1
2967.1,1111.1,1
2968.5,1396.3,1
2969.8,1339.9,1
2975.3,487.8,1
2975.6,269.7,1
2976.4,862.0,1
2977.1,632.7,1
2977.4,327.1,1
2983.0,555.2,1
2983.3,339.9,1
2983.5,224.0,1
2983.8,226.2,1
2984.3,576.8,1
2990.2,859.6,1
2990.6,414.7,1
2991.6,998.2,1
2992.6,1020.7,1
2993.2,602.1,1
2998.8,614.8,1
2999.2,341.6,1
3000.4,1248.6,1
3000.6,171.0,1
3000.8,174.5,1
3007.3,1519.5,1
3008.7,1436.5,1
3008.9,187.8,1
3009.1,135.6,1
3011.0,1891.6,1
3016.2,220.3,1
3016.4,193.9,1
3017.4,1026.4,1
3019.2,1808.1,1
3019.8,621.5,1
3026.7,1884.2,1
3026.9,199.2,1
3027.7,752.8,1
3028.0,326.3,1
3028.5,543.8,1
3033.8,239.4,1
3034.1,325.8,1
3034.2,150.4,1
3034.5,294.0,1
3035.0,480.8,1
3040.5,433.9,1
3041.0,538.1,1
3041.2,248.1,1
3041.5,222.7,1
3041.6,151.5,1
3046.8,149.4,1
3047.4,673.9,1
3047.7,286.9,1
3048.2,518.2,1
3048.6,395.0,1
3054.3,672.7,1
3054.5,191.2,1
3054.8,252.1,1
3055.0,267.9,1
3055.8,765.9,1
3061.0,242.7,1
3061.3,233.8,1
3061.4,165.1,1
3061.7,305.3,1
3062.2,488.9,1
3067.5,243.2,1
3067.8,352.6,1
3068.0,178.3,1
3068.2,169.0,1
3068.3,174.8,1
3073.6,208.1,1
3073.8,268.0,1
3074.0,220.5,1
3074.2,137.5,1
3074.8,574.8,1
3079.9,147.9,1
3080.5,609.6,1
3080.7,231.5,1
3080.9,143.3,1
3081.1,225.4,1
3087.2,1132.9,1
3087.4,160.4,1
3088.0,561.5,1
3088.3,302.1,1
3088.4,137.0,1
3093.6,154.3,1
3093.8,204.9,1
3093.9,136.7,1
3094.1,163.5,1
3094.6,559.4,1
3100.1,469.4,1
3100.5,452.0,1
3100.6,92.3,1
3100.8,151.8,1
3101.1,260.9,1
3106.5,389.5,1
3106.7,226.2,1
3107.3,580.5,1
3107.8,582.5,1
3108.8,1004.5,1
3114.0,179.3,1
3114.4,370.5,1
3114.9,532.8,1
3115.3,365.7,1
3115.5,180.6,1
3121.9,1458.1,1
3122.8,879.7,1
3123.0,212.1,1
3123.2,193.6,1
3123.9,686.2,1
3129.1,170.4,1
3130.1,1003.5,1
3130.7,641.2,1
3131.1,384.2,1
3132.2,1064.7,1
3138.0,867.6,1
3138.6,579.7,1
3139.4,790.5,1
3139.7,247.5,1
3140.2,508.9,1
3149.1,3955.5,1
3156.5,7414.4,1
3166.5,10009.9,0
3174.0,7424.5,1
3184.0,10010.5,0
3199.0,10009.9,0
3205.4,6404.0,1
3208.3,2950.8,1
3218.4,10010.2,0
3220.1,1752.3,1
3235.1,10010.2,0
3245.1,10010.9,0
3255.1,10010.1,0
3255.3,198.5,1
3265.4,10010.5,0
3280.4,10010.0,0
3290.4,10009.8,0
3291.3,940.1,1
3291.9,591.0,1
3301.9,10009.9,0
3316.9,10010.3,0
3326.9,10011.6,0
3336.9,10010.0,0
3347.0,10010.1,0
3357.0,10009.9,0
3372.0,10009.8,0
3372.2,191.0,1
3382.2,10016.0,0
3382.7,497.3,1
3389.7,7033.9,1
3394.9,139.9,1
3398.5,3659.3,1
3400.2,1641.7,1
3400.3,121.3,1
3400.6,328.7,1
3405.8,184.3,1
3406.0,166.3,1
3406.3,371.3,1
3406.5,139.0,1
3406.6,126.2,1
3411.7,125.6,1
3411.8,127.8,1
3412.0,132.3,1
3412.2,259.2,1
3412.4,161.4,1
3417.5,142.4,1
3418.5,958.7,1
3418.9,445.2,1
3419.1,147.7,1
3419.4,342.8,1
3424.6,178.6,1
3424.7,116.1,1
3425.1,383.8,1
3425.3,167.8,1
3425.4,137.0,1
3430.7,290.4,1
3430.9,153.1,1
3431.2,301.0,1
3431.2,72.0,1
3431.5,307.5,1
3436.6,80.6,1
3437.0,338.5,1
3437.1,119.4,1
3437.2,156.5,1
3437.5,288.5,1
3442.9,391.6,1
3443.1,145.9,1
3443.2,134.1,1
3443.5,332.2,1
3444.1,587.7,1
3449.2,125.9,1
3449.8,546.1,1
3450.1,300.4,1
3450.2,147.5,1
3450.3,84.6,1
3455.5,213.1,1
3455.8,278.4,1
3456.0,161.4,1
3456.8,871.8,1
3457.4,507.2,1
3462.5,126.4,1
3462.7,219.2,1
3463.0,311.0,1
3463.2,138.8,1
3463.3,148.3,1
3468.4,84.8,1
3468.7,277.9,1
3468.8,142.4,1
3468.9,128.4,1
3469.0,111.8,1
3474.1,103.8,1
3474.3,130.4,1
3474.5,263.6,1
3474.6,101.0,1
3474.8,144.8,1
3480.0,203.5,1
3480.1,132.1,1
3480.3,204.8,1
3480.4,81.9,1
3480.7,268.3,1
3485.9,213.2,1
3486.0,134.2,1
3486.1,109.9,1
3486.3,203.9,1
3487.0,638.1,1
3492.1,131.3,1
3492.2,123.2,1
3492.6,318.0,1
3492.6,85.6,1
3492.8,130.3,1
3497.9,128.3,1
3498.0,130.8,1
3498.2,186.6,1
3498.3,116.3,1
3498.4,118.4,1
3503.7,213.0,1
3503.8,149.4,1
3504.1,297.5,1
3504.2,114.5,1
3504.4,199.1,1
3509.5,77.6,1
3509.6,126.4,1
3509.8,127.4,1
3509.9,124.1,1
3510.0,120.1,1
3515.1,117.8,1
3515.3,192.9,1
3515.4,118.3,1
3515.5,121.7,1
3515.7,121.6,1
3520.8,83.3,1
3520.8,90.7,1
3521.0,121.0,1
3521.1,133.8,1
3521.2,112.6,1
3526.3,108.6,1
3526.4,121.5,1
3526.7,214.7,1
3526.9,244.5,1
3527.0,119.2,1
3532.1,106.9,1
3532.2,99.8,1
3532.3,104.9,1
3532.4,88.3,1
3532.5,94.6,1
3537.7,175.9,1
3537.9,229.3,1
3538.0,117.9,1
3538.2,112.9,1
3538.3,105.6,1
3543.4,139.2,1
3543.6,166.8,1
3543.6,68.7,1
3543.8,184.5,1
3543.9,115.8,1
3549.0,113.5,1
3549.1,84.6,1
3549.3,187.8,1
3549.4,118.7,1
3549.6,122.0,1
3554.6,61.5,1
3554.7,102.2,1
3554.9,196.1,1
3555.0,131.1,1
3555.2,123.4,1
3560.3,170.4,1
3560.6,251.4,1
3560.8,214.0,1
3561.0,228.2,1
3561.1,110.8,1
3566.2,61.9,1
3566.3,125.1,1
3566.5,145.3,1
3566.7,183.6,1
3566.8,146.4,1
3571.9,93.3,1
3572.0,110.9,1
3572.1,115.9,1
3572.2,116.6,1
3572.4,113.3,1
3577.5,113.2,1
3577.6,80.1,1
3577.7,116.9,1
3577.9,218.1,1
3578.0,123.7,1
3583.1,64.8,1
3583.2,117.2,1
3583.3,119.9,1
3583.4,125.2,1
3583.8,355.4,1
3588.9,114.9,1
3589.1,192.5,1
3589.2,134.5,1
3589.4,170.3,1
3589.6,175.2,1
3594.7,88.1,1
3594.7,62.9,1
3594.8,114.2,1
3594.9,84.7,1
3595.1,129.6,1
3600.1,72.2,1
3600.2,104.1,1
3600.4,159.8,1
3600.5,80.7,1
3600.7,237.0,1
3605.8,123.3,1
3605.9,61.4,1
3606.0,86.1,1
3606.1,134.2,1
3606.2,121.7,1
3611.3,72.7,1
3611.4,69.8,1
3611.5,124.7,1
3611.6,113.5,1
3611.7,95.7,1
3616.9,131.7,1
3617.0,110.0,1
3617.1,104.8,1
3617.1,60.3,1
3617.2,120.9,1
3622.3,100.8,1
3622.4,81.7,1
3622.5,114.8,1
3622.7,120.3,1
3622.7,81.4,1
3627.9,108.4,1
3628.0,114.5,1
3628.1,127.8,1
3628.2,122.2,1
3628.3,77.9,1
3633.4,124.0,1
3633.5,123.8,1
3633.7,112.0,1
3633.8,103.4,1
3634.0,201.9,1
3639.0,74.8,1
3639.1,76.0,1
3639.2,91.6,1
3639.3,116.9,1
3639.4,113.3,1
3644.5,94.3,1
3644.6,116.4,1
3644.8,122.5,1
3644.9,114.7,1
3645.1,237.3,1
3650.2,101.0,1
3650.4,128.0,1
3650.4,70.1,1
3650.6,129.8,1
3650.7,191.4,1
3655.9,149.2,1
3656.0,121.1,1
3656.2,175.7,1
3656.3,114.1,1
3656.5,155.0,1
3661.6,182.3,1
3661.7,85.4,1
3661.9,197.5,1
3662.0,96.4,1
3662.1,117.7,1
3667.2,86.3,1
3667.3,117.7,1
3667.4,78.4,1
3667.5,106.0,1
3667.6,122.6,1
3672.9,210.0,1
3673.0,146.9,1
3673.2,208.3,1
3673.3,123.4,1
3673.7,320.4,1
3678.8,116.5,1
3678.9,114.8,1
3679.0,150.9,1
3679.1,76.6,1
3679.3,204.7,1
3684.5,133.4,1
3684.6,186.2,1
3684.8,162.7,1
3685.1,299.0,1
3685.3,232.5,1
3690.5,117.5,1
3690.6,123.1,1
3690.7,90.8,1
3690.9,228.9,1
3691.1,189.9,1
3696.2,123.4,1
3696.4,205.9,1
3697.0,601.6,1
3697.1,129.0,1
3697.4,297.2,1
3702.6,167.8,1
3703.0,366.3,1
3703.1,171.4,1
3703.3,124.9,1
3703.6,369.3,1
3708.7,100.3,1
3708.9,195.6,1
3709.1,132.8,1
3709.2,131.7,1
3709.3,84.2,1
3714.4,124.0,1
3714.5,117.0,1
3714.7,136.5,1
3714.9,189.5,1
3715.3,407.2,1
3720.4,121.6,1
3720.5,133.3,1
3720.8,309.6,1
3720.9,102.3,1
3721.1,181.5,1
3726.2,112.9,1
3726.3,127.1,1
3726.4,68.5,1
3726.6,211.7,1
3726.9,261.4,1
3732.0,142.4,1
3732.2,124.3,1
3732.3,108.7,1
3732.4,135.8,1
3732.5,76.1,1
3737.6,116.6,1
3737.8,188.5,1
3738.7,866.8,1
3738.8,132.5,1
3739.2,431.3,1
3744.3,113.4,1
3744.4,86.3,1
3744.6,145.7,1
3744.6,89.9,1
3744.7,90.2,1
3749.8,89.9,1
3750.0,137.0,1
3750.1,172.6,1
3750.3,129.5,1
3750.4,169.1,1
3755.6,113.8,1
3755.6,90.5,1
3755.8,171.0,1
3755.9,114.1,1
3756.1,140.9,1
3761.2,102.2,1
3761.5,360.9,1
3761.7,130.0,1
3761.7,84.5,1
3761.9,104.3,1
3766.9,94.7,1
3767.1,177.6,1
3767.3,149.5,1
3767.4,121.7,1
3767.5,114.7,1
3772.7,191.0,1
3772.8,139.7,1
3773.1,221.6,1
3773.2,178.0,1
3773.5,264.5,1
3778.7,151.2,1
3778.8,142.2,1
3779.1,314.4,1
3779.3,200.9,1
3779.6,274.9,1
3784.9,318.0,1
3785.1,154.5,1
3785.2,150.3,1
3785.5,256.6,1
3785.6,165.4,1
3790.8,140.4,1
3791.1,280.1,1
3791.2,140.2,1
3791.4,159.1,1
3791.5,165.8,1
3796.7,228.1,1
3797.0,252.1,1
3797.3,323.1,1
3797.4,114.7,1
3798.0,576.0,1
3803.3,315.5,1
3803.6,279.3,1
3803.8,186.6,1
3804.0,162.8,1
3804.2,201.2,1
3809.3,108.1,1
3809.5,269.5,1
3809.7,123.2,1
3809.8,138.8,1
3809.9,122.4,1
3815.1,225.1,1
3815.5,352.3,1
3816.1,626.9,1
3816.3,140.8,1
3816.9,621.6,1
3822.0,102.1,1
3822.1,149.3,1
3822.4,226.6,1
3822.9,536.9,1
3823.5,587.6,1
3829.0,486.0,1
3829.1,142.6,1
3829.3,225.0,1
3829.5,149.0,1
3829.6,152.4,1
3835.7,1068.8,1
3836.2,486.4,1
3837.0,749.4,1
3837.3,368.1,1
3837.6,275.4,1
3842.9,255.3,1
3843.1,274.4,1
3843.4,302.6,1
3843.6,130.3,1
3843.8,196.2,1
3850.2,1443.8,1
3850.4,151.1,1
3850.8,415.9,1
3851.5,719.1,1
3851.7,207.1,1
3857.1,407.2,1
3858.1,974.9,1
3858.6,544.6,1
3858.8,141.3,1
3859.0,252.5,1
3864.4,333.0,1
3865.0,645.5,1
3866.1,1141.7,1
3866.8,673.4,1
3867.7,859.5,1
3874.2,1545.7,1
3874.9,636.3,1
3875.4,556.2,1
3876.4,955.3,1
3876.7,317.7,1
3882.6,927.8,1
3885.1,2491.8,1
3886.6,1530.5,1
3887.6,923.8,1
3888.6,1044.6,1
3895.0,1382.9,1
3895.3,299.7,1
3895.8,466.3,1
3896.7,925.5,1
3897.1,379.6,1
3902.2,181.7,1
3902.6,323.1,1
3903.1,533.3,1
3904.4,1268.5,1
3905.0,660.8,1
3911.5,1465.0,1
3912.3,847.5,1
3912.8,448.9,1
3916.1,3338.5,1
3916.7,619.2,1
3922.3,560.1,1
3922.6,300.4,1
3922.9,337.8,1
3923.5,577.2,1
3925.0,1486.9,1
3930.6,634.9,1
3931.3,676.7,1
3931.5,165.6,1
3931.7,174.6,1
3932.0,321.5,1
3937.2,183.8,1
3937.4,275.4,1
3937.6,128.9,1
3937.9,307.5,1
3938.5,588.0,1
3945.0,1488.2,1
3945.2,250.3,1
3945.7,487.8,1
3945.9,236.3,1
3946.2,232.8,1
3951.7,572.7,1
3952.3,519.7,1
3952.4,157.3,1
3952.7,298.8,1
3953.4,647.0,1
3960.3,1953.7,1
3960.8,481.2,1
3961.0,172.8,1
3961.1,154.6,1
3961.4,260.6,1
3966.6,176.5,1
3967.5,957.0,1
3967.7,212.8,1
3968.0,244.1,1
3968.4,455.1,1
3973.6,137.9,1
3973.8,205.7,1
3974.2,410.7,1
3974.4,254.3,1
3974.9,421.6,1
3980.1,224.2,1
3980.3,197.0,1
3980.7,415.3,1
3981.2,489.1,1
3981.4,158.7,1
3986.4,96.9,1
3986.9,416.6,1
3987.4,520.7,1
3987.7,356.9,1
3988.4,609.1,1
3993.4,81.4,1
3993.8,334.4,1
3994.2,440.3,1
3994.4,222.3,1
3994.9,495.3,1
4000.3,419.7,1
4001.0,624.5,1
4001.1,136.9,1
4001.3,200.2,1
4001.5,242.7,1
4007.0,481.9,1
4007.3,302.0,1
4008.1,798.4,1
4010.3,2189.1,1
4011.0,673.0,1
4016.2,209.5,1
4017.2,959.5,1
4017.6,482.7,1
4018.3,676.7,1
4019.9,1573.8,1
4025.2,269.9,1
4025.4,265.7,1
4026.4,1008.4,1
4026.7,281.8,1
4028.1,1332.5,1
4033.6,498.3,1
4034.0,473.4,1
4035.9,1848.4,1
4037.1,1234.5,1
4037.4,331.2,1
4045.1,2697.9,1
4046.0,856.7,1
4048.2,2154.5,1
4049.7,1583.6,1
4052.5,2756.2,1
4062.1,4558.3,1
4063.7,1667.4,1
4068.0,4234.6,1
4072.2,4241.0,1
4076.7,4537.1,1
4085.4,3669.9,1
4095.4,10010.5,0
4105.4,10010.1,0
4115.4,10010.4,0
4125.4,10010.5,0
4133.2,2784.3,1
4143.2,10010.0,0
4153.3,10009.8,0
4163.3,10010.0,0
4173.3,10010.0,0
4188.3,10009.9,0
4198.3,10010.0,0
4208.3,10010.0,0
4218.3,10010.0,0
4228.3,10010.0,0
4243.3,10009.9,0
4253.3,10009.9,0
4263.4,10010.1,0
4270.1,6752.5,1
4276.1,6009.6,1
4281.6,471.5,1
4282.4,827.2,1
4282.7,337.5,1
4286.6,3894.7,1
4289.2,2584.5,1
4294.4,128.1,1
4294.7,301.3,1
4294.8,127.9,1
4294.9,119.9,1
4295.1,163.2,1
4300.8,754.0,1
4301.0,155.5,1
4301.5,539.5,1
4301.7,221.3,1
4301.9,115.2,1
4307.0,130.5,1
4307.1,133.3,1
4307.3,224.7,1
4308.0,686.9,1
4308.3,299.7,1
4313.5,120.9,1
4313.6,106.4,1
4313.6,86.8,1
4313.8,125.1,1
4313.9,164.2,1
4319.1,158.7,1
4319.3,210.4,1
4319.5,202.2,1
4320.2,667.6,1
4320.3,152.3,1
4325.4,95.3,1
4325.6,190.4,1
4325.9,246.7,1
4325.9,84.2,1
4326.6,609.0,1
4331.7,117.7,1
4332.0,311.7,1
4332.1,128.5,1
4332.3,195.8,1
4332.4,125.5,1
4338.0,560.0,1
4338.4,456.6,1
4338.6,200.4,1
4338.9,229.9,1
4339.3,468.1,1
4344.5,117.6,1
4344.9,435.2,1
4345.4,488.2,1
4345.9,491.9,1
4346.1,187.6,1
4351.4,380.1,1
4351.7,204.2,1
4352.0,342.2,1
4352.3,345.5,1
4352.5,122.8,1
4357.5,87.4,1
4357.7,142.4,1
4357.9,163.9,1
4358.1,199.8,1
4358.2,141.3,1
4363.5,318.3,1
4363.6,118.3,1
4363.8,119.6,1
4363.9,113.7,1
4364.0,132.0,1
4369.1,127.0,1
4369.3,150.9,1
4369.4,154.0,1
4369.5,113.9,1
4369.8,274.7,1
4375.0,149.0,1
4375.1,144.8,1
4375.3,216.4,1
4375.6,278.7,1
4375.7,128.8,1
4380.8,95.5,1
4380.9,102.1,1
4381.2,312.5,1
4381.3,93.3,1
4381.4,103.3,1
4386.7,207.9,1
4386.8,102.8,1
4386.8,86.3,1
4387.0,141.4,1
4387.1,116.6,1
4392.3,217.7,1
4392.7,396.6,1
4392.9,149.4,1
4393.1,210.9,1
4393.2,123.2,1
4398.3,146.4,1
4398.4,83.8,1
4398.6,131.9,1
4398.9,301.4,1
4399.1,201.6,1
4404.1,65.8,1
4404.3,143.0,1
4404.4,96.7,1
4404.5,120.1,1
4404.6,106.5,1
4409.7,131.8,1
4409.8,113.2,1
4409.9,83.5,1
4410.1,133.5,1
4410.2,111.2,1
4415.3,125.3,1
4415.4,110.0,1
4415.5,78.0,1
4415.6,113.8,1
4415.7,123.5,1
4420.8,125.0,1
4421.4,588.8,1
4421.6,137.3,1
4421.9,290.0,1
4422.0,179.7,1
4427.1,67.8,1
4427.2,65.8,1
4427.3,122.7,1
4427.4,127.3,1
4427.5,117.4,1
4432.9,310.2,1
4433.0,114.5,1
4433.1,163.5,1
4433.2,114.0,1
4433.3,102.8,1
4438.4,60.3,1
4438.5,66.2,1
4438.6,111.4,1
4438.7,119.0,1
4438.8,124.3,1
4443.9,121.3,1
4444.0,89.4,1
4444.1,105.1,1
4444.3,112.5,1
4444.3,80.7,1
4449.4,95.9,1
4449.7,283.1,1
4449.8,122.4,1
4450.0,171.1,1
4450.1,122.6,1
4455.2,112.6,1
4455.4,160.9,1
4455.5,106.1,1
4455.6,110.1,1
4455.7,127.2,1
4460.8,88.8,1
4461.0,121.3,1
4461.0,80.1,1
4461.5,413.8,1
4461.6,164.9,1
4466.7,108.9,1
4466.8,122.0,1
4467.0,117.4,1
4467.0,75.0,1
4467.2,114.9,1
4472.2,76.5,1
4472.4,118.8,1
4472.5,187.0,1
4472.6,77.5,1
4472.7,124.4,1
4477.8,97.1,1
4478.0,171.4,1
4478.1,119.6,1
4478.4,294.5,1
4478.5,124.4,1
4483.7,116.3,1
4483.7,72.4,1
4484.0,236.0,1
4484.1,96.5,1
4484.2,124.5,1
4489.3,92.1,1
4489.4,130.2,1
4489.5,111.9,1
4489.6,95.2,1
4489.8,169.1,1
4494.9,122.5,1
4495.1,137.2,1
4495.2,101.4,1
4495.2,76.3,1
4495.6,376.7,1
4500.7,100.8,1
4500.8,127.1,1
4501.0,117.2,1
4501.1,115.1,1
4501.2,123.6,1
4506.3,113.6,1
4506.4,114.5,1
4506.5,87.3,1
4506.6,91.0,1
4506.7,110.0,1
4511.8,107.8,1
4511.9,115.0,1
4512.0,111.1,1
4512.2,116.0,1
4512.3,120.5,1
4517.3,61.5,1
4517.4,105.6,1
4517.5,88.0,1
4517.6,67.2,1
4517.7,86.8,1
4522.8,108.7,1
4523.0,216.9,1
4523.1,129.1,1
4523.3,109.2,1
4523.4,119.6,1
4528.5,102.1,1
4528.6,118.5,1
4528.7,86.6,1
4528.8,156.1,1
4528.9,111.4,1
4534.0,86.6,1
4534.1,113.6,1
4534.3,112.2,1
4534.3,86.2,1
4534.4,66.8,1
4539.5,108.8,1
4539.6,125.0,1
4539.8,113.8,1
4539.8,68.5,1
4540.0,170.8,1
4545.1,99.5,1
4545.2,105.2,1
4545.3,110.6,1
4545.4,126.5,1
4545.6,113.6,1
4550.6,78.9,1
4550.8,118.4,1
4550.9,133.8,1
4551.0,113.4,1
4551.3,266.4,1
4556.4,100.9,1
4556.5,120.1,1
4556.6,105.6,1
4556.7,70.8,1
4556.7,73.7,1
4561.9,114.5,1
4561.9,79.4,1
4562.1,166.4,1
4562.2,113.8,1
4562.4,178.0,1
4567.5,110.5,1
4567.6,115.2,1
4567.7,109.2,1
4567.8,111.5,1
4568.0,202.9,1
4573.1,105.7,1
4573.3,170.2,1
4573.7,388.2,1
4573.8,100.0,1
4573.9,148.1,1
4579.1,112.5,1
4579.1,64.7,1
4579.4,285.8,1
4579.5,129.6,1
4579.7,165.9,1
4584.8,134.3,1
4585.1,280.3,1
4585.3,140.4,1
4585.4,155.0,1
4585.5,122.8,1
4590.7,151.0,1
4590.8,134.6,1
4591.2,378.9,1
4591.3,109.6,1
4591.5,179.2,1
4596.6,97.9,1
4596.7,113.7,1
4596.9,222.9,1
4597.2,230.1,1
4597.3,143.9,1
4602.6,330.6,1
4603.0,398.5,1
4603.2,137.3,1
4603.3,102.1,1
4603.5,223.6,1
4608.7,221.0,1
4608.8,130.7,1
4609.0,138.6,1
4609.1,148.5,1
4609.3,132.1,1
4614.4,132.0,1
4614.7,320.0,1
4614.8,111.0,1
4614.9,112.6,1
4615.1,207.6,1
4620.3,170.6,1
4620.4,109.5,1
4620.5,119.9,1
4620.7,117.6,1
4620.8,82.8,1
4625.9,127.7,1
4626.0,124.8,1
4626.2,186.8,1
4626.3,143.1,1
4626.6,294.9,1
4631.7,89.5,1
4631.9,204.3,1
4632.1,143.2,1
4632.2,148.2,1
4632.4,186.7,1
4637.5,141.1,1
4637.6,95.3,1
4637.9,290.6,1
4638.0,109.0,1
4638.5,447.1,1
4643.7,221.8,1
4643.8,131.2,1
4643.9,112.8,1
4644.3,353.1,1
4644.5,245.8,1
4649.7,119.3,1
4650.1,419.8,1
4650.2,89.5,1
4650.3,121.3,1
4650.4,100.0,1
4655.7,327.6,1
4655.9,130.7,1
4655.9,64.3,1
4656.1,146.3,1
4656.3,182.1,1
4661.4,105.2,1
4661.5,94.5,1
4661.7,240.9,1
4661.8,124.7,1
4662.0,193.2,1
4667.1,134.0,1
4667.2,102.3,1
4667.4,150.0,1
4667.5,129.5,1
4667.7,182.5,1
4672.9,202.2,1
4673.0,133.9,1
4673.2,123.3,1
4673.2,70.1,1
4673.4,123.3,1
4678.5,124.4,1
4678.8,323.0,1
4679.0,223.3,1
4679.2,154.7,1
4679.4,223.4,1
4684.5,113.5,1
4684.6,91.1,1
4684.8,213.0,1
4685.1,320.2,1
4685.3,189.0,1
4690.6,306.9,1
4690.8,141.1,1
4691.0,214.3,1
4691.1,124.0,1
4691.3,186.3,1
4696.6,294.4,1
4696.9,281.1,1
4697.0,148.0,1
4697.5,504.9,1
4697.7,174.0,1
4702.8,129.2,1
4703.0,127.5,1
4703.1,136.0,1
4703.3,163.0,1
4703.4,175.1,1
4708.6,144.4,1
4708.8,208.6,1
4708.9,152.1,1
4709.4,402.7,1
4709.5,149.9,1
4714.7,156.7,1
4714.9,263.1,1
4715.0,129.7,1
4715.2,192.4,1
4715.7,495.7,1
4720.8,91.3,1
4721.2,412.8,1
4721.5,293.0,1
4721.7,206.9,1
4721.9,131.5,1
4727.0,169.0,1
4727.4,384.6,1
4727.6,159.3,1
4727.9,320.7,1
4728.2,326.3,1
4733.5,249.9,1
4733.8,314.1,1
4734.0,219.5,1
4735.0,974.2,1
4735.3,319.6,1
4740.6,252.2,1
4741.2,586.5,1
4741.8,601.6,1
4742.0,272.1,1
4742.6,578.9,1
4747.8,163.8,1
4748.0,184.4,1
4748.6,628.6,1
4748.7,137.6,1
4748.9,169.5,1
4754.4,480.9,1
4755.8,1429.3,1
4756.1,348.6,1
4756.4,214.0,1
4756.7,321.1,1
4763.3,1614.3,1
4763.5,229.6,1
4763.7,182.6,1
4763.9,165.8,1
4764.4,522.4,1
4770.1,698.4,1
4770.7,653.2,1
4773.0,2286.8,1
4773.7,661.0,1
4775.1,1425.4,1
4780.8,702.9,1
4781.1,321.3,1
4781.8,650.8,1
4783.6,1768.8,1
4784.3,693.2,1
4789.9,593.3,1
4791.6,1717.4,1
4793.2,1661.3,1
4793.5,289.5,1
4794.6,1040.7,1
4800.6,997.0,1
4802.5,1981.7,1
4804.0,1485.5,1
4804.2,209.5,1
4806.2,1936.5,1
4811.8,653.0,1
4812.1,317.7,1
4813.0,878.4,1
4813.5,438.3,1
4814.2,706.5,1
4820.6,1408.6,1
4821.3,679.6,1
4821.7,421.6,1
4822.1,449.5,1
4822.5,406.6,1
4828.0,447.3,1
4828.2,219.5,1
4833.0,4807.8,1
4833.6,580.4,1
4833.9,288.0,1
4839.0,169.3,1
4839.3,209.3,1
4839.6,378.8,1
4840.0,412.9,1
4840.3,214.8,1
4846.0,762.6,1
4846.2,161.7,1
4846.6,429.7,1
4847.4,782.5,1
4847.6,192.9,1
4853.0,434.0,1
4853.2,153.5,1
4854.0,865.8,1
4854.3,273.2,1
4855.2,853.3,1
4860.5,344.2,1
4860.7,170.0,1
4861.2,516.7,1
4861.3,146.1,1
4861.9,562.2,1
4867.2,311.9,1
4867.3,102.5,1
4867.5,154.1,1
4868.3,848.0,1
4868.5,224.3,1
4873.7,159.7,1
4874.1,404.3,1
4874.3,203.3,1
4874.5,163.4,1
4874.6,141.2,1
4880.3,631.5,1
4880.6,391.4,1
4881.0,379.6,1
4881.3,288.7,1
4881.8,447.3,1
4887.0,203.2,1
4887.1,178.8,1
4887.9,770.3,1
4888.1,172.4,1
4888.6,470.0,1
4894.0,423.4,1
4894.1,139.1,1
4894.6,435.3,1
4895.0,442.2,1
4895.2,157.3,1
4900.3,132.9,1
4900.4,122.7,1
4900.6,220.5,1
4901.0,324.7,1
4901.1,149.9,1
4906.4,275.8,1
4906.6,174.1,1
4907.1,596.5,1
4907.3,177.8,1
4907.5,152.0,1
4913.2,698.4,1
4914.2,1071.4,1
4914.8,599.5,1
4916.6,1705.6,1
4917.0,439.5,1
4923.6,1607.6,1
4924.1,512.7,1
4924.5,373.3,1
4924.9,406.3,1
4925.5,575.6,1
4930.8,352.2,1
4931.3,427.8,1
4931.9,614.5,1
4933.4,1553.5,1
4933.8,363.3,1
4940.0,1180.8,1
4940.1,163.2,1
4940.5,334.3,1
4941.3,798.7,1
4942.1,824.0,1
4947.5,374.3,1
4948.8,1388.5,1
4952.9,4078.0,1
4956.4,3511.3,1
4959.4,3002.5,1
4971.8,7331.9,1
4972.1,326.9,1
4982.1,10010.1,0
4990.1,8002.6,1
5000.1,10017.4,0
5006.1,949.9,1
5016.1,10012.2,0
5026.1,10009.8,0
5036.1,10010.0,0
5046.1,10010.0,0
5061.1,10025.8,0
5063.1,1930.0,1
5073.1,10010.5,0
5083.1,10010.0,0
5093.1,10010.0,0
5108.1,10009.9,0
5118.1,10010.0,0
5128.1,10010.0,0
5138.2,10010.0,0
5138.9,734.8,1
5153.9,10010.0,0
5163.9,10010.5,0
5173.9,10010.6,0
5183.9,10009.9,0
5184.3,329.9,1
5189.5,283.2,1
5189.7,172.4,1
5190.9,1220.9,1
5191.2,220.1,1
5191.4,290.2,1
5206.5,10010.2,0
5206.6,182.7,1
5207.0,315.1,1
5207.0,91.5,1
5207.2,121.3,1
5212.6,459.9,1
5212.8,144.8,1
5213.0,183.7,1
5213.1,183.5,1
5213.4,215.5,1
5218.6,219.1,1
5218.8,256.7,1
5219.0,130.0,1
5219.4,485.2,1
5219.6,134.9,1
5225.0,398.1,1
5225.1,106.4,1
5225.3,255.8,1
5225.5,118.4,1
5225.6,110.7,1
5230.7,162.8,1
5231.3,585.7,1
5231.5,217.1,1
5231.9,326.0,1
5232.0,148.5,1
5237.3,283.4,1
5237.6,286.5,1
5238.1,489.4,1
5238.3,192.0,1
5238.6,319.9,1
5243.9,325.3,1
5244.2,289.0,1
5244.3,137.2,1
5244.5,135.0,1
5244.6,119.6,1
5249.8,186.8,1
5250.4,627.5,1
5251.1,682.1,1
5251.3,218.9,1
5251.5,246.3,1
5256.7,147.1,1
5256.8,141.9,1
5257.0,193.3,1
5257.1,119.3,1
5257.3,182.4,1
5262.5,123.6,1
5262.6,104.9,1
5262.8,236.7,1
5263.0,193.3,1
5263.2,162.2,1
5268.4,266.9,1
5268.7,301.3,1
5268.8,126.9,1
5269.0,117.6,1
5269.1,138.5,1
5274.4,255.7,1
5274.6,249.5,1
5274.7,126.3,1
5274.9,202.6,1
5275.1,130.3,1
5280.2,128.8,1
5280.3,132.2,1
5280.5,135.4,1
5280.6,115.3,1
5280.7,126.7,1
5285.8,131.6,1
5286.0,174.8,1
5286.1,121.2,1
5286.5,341.5,1
5286.6,118.7,1
5291.7,140.5,1
5291.9,189.6,1
5292.7,770.5,1
5292.8,147.2,1
5293.2,405.1,1
5298.3,101.1,1
5298.6,292.4,1
5298.8,145.4,1
5299.0,251.1,1
5299.3,214.0,1
5304.4,114.7,1
5304.5,93.5,1
5304.6,161.0,1
5304.7,115.1,1
5305.0,307.8,1
5310.1,84.9,1
5310.2,104.5,1
5310.3,113.9,1
5310.5,124.0,1
5310.6,163.8,1
5315.8,116.6,1
5315.9,138.7,1
5316.1,170.9,1
5316.1,65.1,1
5316.2,98.8,1
5321.3,114.0,1
5321.5,124.0,1
5321.6,106.5,1
5321.7,129.2,1
5321.8,70.7,1
5327.0,234.5,1
5327.1,109.8,1
5327.2,113.5,1
5327.5,260.2,1
5327.6,131.0,1
5332.7,121.1,1
5332.9,123.8,1
5333.0,128.8,1
5333.1,112.6,1
5333.2,141.0,1
5338.3,85.3,1
5338.5,127.1,1
5338.6,121.1,1
5338.8,183.4,1
5338.9,178.5,1
5344.0,97.4,1
5344.2,118.0,1
5344.3,94.7,1
5344.3,68.7,1
5344.5,138.9,1
5349.6,104.9,1
5349.7,91.4,1
5349.7,72.4,1
5349.9,206.2,1
5350.0,114.7,1
5355.1,70.1,1
5355.3,225.4,1
5355.6,288.9,1
5355.7,94.4,1
5355.8,112.3,1
5360.9,92.4,1
5361.1,128.6,1
5361.1,78.2,1
5361.3,126.2,1
5361.4,133.1,1
5366.5,111.7,1
5366.7,184.4,1
5366.8,132.1,1
5367.0,135.6,1
5367.3,317.1,1
5372.4,113.2,1
5372.5,95.2,1
5372.6,107.6,1
5372.7,113.4,1
5372.9,212.9,1
5378.0,122.7,1
5378.2,105.6,1
5378.3,100.0,1
5378.4,104.4,1
5378.4,65.3,1
5383.5,119.7,1
5383.8,209.7,1
5384.1,311.0,1
5384.2,91.6,1
5384.2,80.0,1
5389.3,107.8,1
5389.5,108.4,1
5389.6,141.2,1
5389.7,113.1,1
5389.8,115.4,1
5394.9,126.9,1
5395.2,234.7,1
5395.4,172.7,1
5395.5,147.1,1
5395.7,187.7,1
5400.8,80.1,1
5400.9,160.4,1
5401.1,201.4,1
5401.2,96.2,1
5401.4,122.3,1
5406.5,114.2,1
5406.6,113.8,1
5406.7,143.9,1
5406.8,120.6,1
5407.2,331.1,1
5412.3,125.6,1
5412.4,105.7,1
5412.5,127.9,1
5412.7,118.4,1
5412.8,125.2,1
5417.9,73.9,1
5417.9,74.8,1
5418.0,113.7,1
5418.1,92.5,1
5418.2,113.2,1
5423.4,111.8,1
5423.4,78.5,1
5423.5,79.2,1
5423.6,114.5,1
5423.7,109.4,1
5428.9,112.2,1
5428.9,97.9,1
5429.0,73.2,1
5429.1,99.2,1
5429.3,205.1,1
5434.4,95.2,1
5434.5,115.1,1
5434.6,98.6,1
5434.8,115.5,1
5434.9,113.8,1
5439.9,66.0,1
5440.0,95.8,1
5440.1,110.1,1
5440.2,85.6,1
5440.3,103.0,1
5445.4,117.3,1
5445.5,104.1,1
5445.7,121.0,1
5445.8,115.5,1
5445.9,124.8,1
5451.1,205.1,1
5451.4,247.6,1
5451.5,118.7,1
5451.7,247.8,1
5451.8,107.6,1
5457.0,116.2,1
5457.2,216.0,1
5457.3,83.4,1
5457.5,203.1,1
5457.5,75.1,1
5462.6,103.5,1
5462.7,116.2,1
5462.9,130.5,1
5463.1,208.9,1
5463.2,118.9,1
5468.3,83.8,1
5468.4,130.2,1
5468.6,180.1,1
5468.7,114.3,1
5468.9,176.0,1
5474.0,131.7,1
5474.1,109.5,1
5474.2,89.1,1
5474.4,192.3,1
5474.6,228.0,1
5480.0,309.6,1
5480.1,157.5,1
5480.2,96.9,1
5480.3,134.7,1
5480.5,185.1,1
5485.6,90.7,1
5485.9,309.5,1
5486.1,132.6,1
5486.4,364.9,1
5486.6,200.8,1
5491.7,113.0,1
5491.9,165.4,1
5492.2,248.3,1
5492.3,150.5,1
5492.7,432.8,1
5497.9,120.6,1
5498.0,189.4,1
5498.1,78.5,1
5498.4,325.9,1
5498.6,155.3,1
5504.0,371.1,1
5504.1,125.1,1
5504.2,133.8,1
5504.3,89.4,1
5504.5,177.6,1
5509.6,91.4,1
5509.7,111.6,1
5509.9,153.1,1
5510.0,189.2,1
5510.3,287.2,1
5515.5,121.1,1
5515.6,119.3,1
5515.7,110.0,1
5515.8,123.2,1
5515.9,115.3,1
5521.1,134.5,1
5521.2,134.0,1
5521.4,198.2,1
5521.6,209.9,1
5521.8,166.8,1
5526.9,107.5,1
5527.1,184.0,1
5527.2,127.1,1
5527.3,111.7,1
5527.9,564.5,1
5533.0,97.1,1
5533.6,602.4,1
5533.7,114.6,1
5533.8,137.9,1
5534.3,498.9,1
5539.8,436.8,1
5539.9,149.1,1
5540.1,191.2,1
5540.2,123.5,1
5540.4,149.3,1
5545.4,75.4,1
5545.5,97.2,1
5545.7,185.2,1
5545.9,204.1,1
5546.1,132.5,1
5551.2,116.7,1
5551.2,63.4,1
5551.3,95.4,1
5551.7,405.1,1
5551.9,121.9,1
5557.3,460.9,1
5557.5,170.0,1
5557.6,128.7,1
5557.8,141.8,1
5557.9,149.9,1
5563.0,100.5,1
5563.2,140.9,1
5563.2,89.1,1
5563.4,115.0,1
5563.5,115.2,1
5568.6,131.7,1
5568.7,139.9,1
5569.0,274.8,1
5569.2,136.8,1
5569.3,182.3,1
5574.5,128.8,1
5574.6,125.6,1
5574.7,125.2,1
5574.9,180.3,1
5575.2,288.1,1
5580.3,73.1,1
5580.7,455.1,1
5580.9,135.4,1
5581.1,203.0,1
5581.1,67.0,1
5586.3,144.3,1
5586.3,76.5,1
5586.5,144.5,1
5586.6,124.3,1
5586.8,147.5,1
5591.9,111.4,1
5592.0,139.8,1
5592.1,104.5,1
5592.3,219.0,1
5592.6,223.6,1
5597.8,197.8,1
5598.1,339.6,1
5598.2,139.9,1
5598.6,330.4,1
5598.9,341.0,1
5604.0,137.1,1
5604.2,205.5,1
5604.4,107.7,1
5604.5,151.8,1
5604.7,195.2,1
5609.8,128.3,1
5609.9,97.6,1
5610.1,123.1,1
5610.6,540.0,1
5611.0,368.0,1
5616.2,271.8,1
5616.6,322.5,1
5617.2,655.5,1
5617.4,141.1,1
5617.7,311.1,1
5622.8,148.1,1
5623.0,141.6,1
5623.1,126.1,1
5623.2,152.1,1
5623.5,297.0,1
5628.7,121.9,1
5628.9,222.4,1
5629.4,538.8,1
5629.5,123.5,1
5629.7,147.9,1
5635.0,314.2,1
5635.7,713.2,1
5636.0,321.0,1
5636.3,266.9,1
5636.8,507.8,1
5642.0,169.1,1
5642.6,643.4,1
5643.2,593.4,1
5643.9,671.5,1
5644.7,786.4,1
5650.4,773.5,1
5650.7,255.9,1
5650.9,237.7,1
5653.5,2570.0,1
5653.8,277.0,1
5658.9,153.3,1
5659.4,491.4,1
5659.6,149.0,1
5660.1,526.8,1
5660.7,603.1,1
5666.1,382.5,1
5666.6,504.4,1
5666.8,194.0,1
5667.6,856.0,1
5668.2,597.9,1
5673.7,430.6,1
5674.3,646.6,1
5674.7,417.3,1
5675.2,466.1,1
5675.6,346.5,1
5682.1,1592.3,1
5684.0,1865.6,1
5684.5,508.2,1
5686.0,1498.5,1
5686.7,662.4,1
5692.7,982.4,1
5693.2,578.1,1
5693.5,284.0,1
5693.9,393.5,1
5694.2,236.6,1
5699.7,589.4,1
5702.7,2923.7,1
5704.1,1394.3,1
5704.7,649.7,1
5705.0,309.2,1
5710.3,265.4,1
5711.4,1060.8,1
5713.1,1729.2,1
5715.3,2233.4,1
5715.9,541.1,1
5721.1,238.0,1
5721.4,257.5,1
5722.6,1257.6,1
5723.5,864.9,1
5724.2,718.9,1
5729.8,559.9,1
5730.9,1123.4,1
5732.0,1167.5,1
5732.7,667.8,1
5733.0,294.6,1
5738.5,532.3,1
5738.7,176.4,1
5738.9,227.1,1
5739.2,243.8,1
5739.3,155.5,1
5745.0,605.8,1
5745.1,149.2,1
5745.2,135.7,1
5745.6,387.5,1
5746.3,655.2,1
5751.6,337.1,1
5752.1,503.7,1
5752.3,149.1,1
5752.9,672.0,1
5753.2,269.9,1
5758.4,155.1,1
5758.6,185.9,1
5759.1,493.7,1
5759.3,255.4,1
5760.0,713.4,1
5765.2,157.5,1
5765.5,337.8,1
5765.8,266.0,1
5766.0,170.4,1
5766.4,400.5,1
5771.5,139.1,1
5771.6,154.7,1
5771.9,231.5,1
5772.0,146.2,1
5772.7,637.0,1
5777.8,154.9,1
5778.3,499.8,1
5778.6,273.7,1
5779.0,400.5,1
5779.6,643.9,1
5785.2,579.3,1
5785.6,353.4,1
5785.7,160.8,1
5787.1,1363.1,1
5787.2,143.8,1
5793.0,757.1,1
5793.3,290.5,1
5793.6,335.2,1
5793.8,219.6,1
5794.0,166.1,1
5799.5,540.8,1
5799.8,269.5,1
5800.2,351.5,1
5800.5,309.5,1
5800.6,120.9,1
5805.9,329.0,1
5806.1,160.3,1
5806.4,327.9,1
5806.6,155.7,1
5807.0,451.7,1
5812.8,805.5,1
5813.0,181.5,1
5813.7,665.6,1
5814.4,686.4,1
5814.5,163.1,1
5819.9,327.3,1
5820.0,196.6,1
5821.4,1301.8,1
5822.0,604.4,1
5822.6,686.5,1
5828.0,402.8,1
5828.4,403.5,1
5830.1,1656.5,1
5831.0,853.3,1
5831.4,432.2,1
5836.9,541.7,1
5837.7,784.9,1
5838.2,507.7,1
5839.5,1254.7,1
5840.0,506.9,1
5845.9,923.3,1
5846.7,744.0,1
5847.9,1271.0,1
5848.4,514.6,1
5848.9,423.9,1
5858.4,4517.3,1
5859.9,1551.3,1
5863.9,3940.7,1
5865.7,1835.3,1
5866.2,492.6,1
5881.1,9886.0,1
5882.8,1717.2,1
5889.8,6969.1,1
5899.8,10010.6,0
5900.5,715.9,1
5915.5,10010.0,0
5916.4,840.4,1
5917.0,679.3,1
5918.1,1084.5,1
5928.1,10010.2,0
5943.1,10010.5,0
5953.1,10010.0,0
5963.2,10010.0,0
5973.2,10010.7,0
5983.2,10010.3,0
5998.2,10009.9,0
6008.2,10010.0,0
6018.2,10010.0,0
6028.2,10010.4,0
6038.2,10013.2,0
6053.2,10010.1,0
6053.7,485.0,1
6063.7,10010.0,0
6064.0,218.2,1
6074.0,10009.8,0
6079.2,185.6,1
6089.2,10032.6,0
6098.8,9638.1,1
6102.3,3478.0,1
6102.7,389.5,1
6108.0,307.6,1
6108.1,141.4,1
6108.4,298.8,1
6108.8,391.7,1
6108.9,111.4,1
6114.1,191.5,1
6114.3,132.0,1
6114.4,113.4,1
6114.6,173.4,1
6114.9,385.0,1
6120.1,120.6,1
6120.4,299.2,1
6120.7,323.2,1
6121.0,286.0,1
6121.1,124.9,1
6126.2,117.3,1
6126.4,144.7,1
6126.5,111.7,1
6126.7,247.5,1
6127.9,1213.5,1
6133.1,130.0,1
6133.2,120.0,1
6133.8,615.2,1
6134.1,314.9,1
6134.3,173.9,1
6139.4,162.0,1
6139.8,349.2,1
6139.9,146.5,1
6140.1,133.4,1
6140.3,192.2,1
6145.6,300.2,1
6145.8,246.4,1
6145.9,135.8,1
6146.0,102.2,1
6146.2,113.5,1
6151.3,147.6,1
6151.6,309.4,1
6151.8,208.8,1
6152.1,295.8,1
6152.3,139.3,1
6157.4,143.8,1
6157.5,138.0,1
6157.8,228.6,1
6158.6,779.4,1
6158.7,123.7,1
6163.9,232.9,1
6164.3,412.3,1
6164.8,479.5,1
6165.5,677.5,1
6165.7,172.2,1
6170.8,123.7,1
6171.1,288.6,1
6171.2,108.0,1
6171.3,131.4,1
6171.4,108.8,1
6176.5,128.3,1
6176.6,92.5,1
6176.7,85.3,1
6176.9,172.3,1
6177.0,138.5,1
6182.2,202.4,1
6182.5,298.3,1
6182.7,140.4,1
6182.8,154.5,1
6183.0,125.3,1
6188.1,142.2,1
6188.3,228.0,1
6188.4,117.8,1
6188.5,100.4,1
6188.7,132.8,1
6193.9,222.7,1
6194.1,181.4,1
6194.2,146.1,1
6194.4,135.3,1
6194.4,75.6,1
6199.6,140.6,1
6199.9,307.0,1
6200.0,82.5,1
6200.0,84.6,1
6200.4,364.0,1
6205.7,291.5,1
6205.8,114.6,1
6205.9,124.1,1
6206.1,109.8,1
6206.3,272.6,1
6211.5,135.9,1
6211.6,93.6,1
6211.7,120.1,1
6211.8,115.7,1
6211.9,127.1,1
6217.0,118.4,1
6217.1,91.2,1
6217.4,250.6,1
6217.5,90.1,1
6217.6,83.3,1
6222.9,298.9,1
6223.0,192.4,1
6223.1,90.0,1
6223.3,130.3,1
6223.3,79.2,1
6228.5,151.7,1
6228.6,129.9,1
6228.8,134.1,1
6229.1,337.9,1
6229.2,84.3,1
6234.3,106.9,1
6234.4,141.3,1
6234.5,116.2,1
6234.7,118.3,1
6235.0,330.6,1
6240.1,114.4,1
6240.2,96.5,1
6240.4,154.9,1
6240.5,101.2,1
6240.5,82.8,1
6245.6,90.4,1
6245.7,104.0,1
6245.9,152.8,1
6246.0,136.3,1
6246.2,130.8,1
6251.3,136.9,1
6251.4,118.8,1
6251.6,231.0,1
6251.7,100.1,1
6251.9,118.0,1
6257.0,108.1,1
6257.2,273.6,1
6257.4,106.3,1
6257.4,72.1,1
6257.6,128.6,1
6262.7,105.5,1
6262.8,115.7,1
6262.9,118.2,1
6263.0,114.4,1
6263.1,100.0,1
6268.2,118.0,1
6268.3,121.5,1
6268.5,105.8,1
6268.6,127.8,1
6268.7,116.6,1
6273.8,113.5,1
6273.9,80.9,1
6274.1,163.5,1
6274.2,139.8,1
6274.3,120.0,1
6279.4,124.9,1
6279.5,98.6,1
6279.6,99.0,1
6279.8,124.4,1
6279.9,92.4,1
6285.1,283.6,1
6285.3,135.7,1
6285.6,316.6,1
6285.9,299.1,1
6286.0,116.6,1
6291.1,112.7,1
6291.2,129.3,1
6291.4,125.6,1
6291.5,77.4,1
6291.6,142.9,1
6296.7,116.0,1
6296.8,120.7,1
6296.9,107.3,1
6297.0,85.7,1
6297.1,96.4,1
6302.3,193.5,1
6302.4,66.5,1
6302.5,134.6,1
6302.6,120.3,1
6302.7,109.9,1
6307.8,90.7,1
6308.1,298.1,1
6308.2,96.5,1
6308.3,106.7,1
6308.4,112.8,1
6313.6,125.4,1
6313.7,121.2,1
6313.8,128.6,1
6313.9,113.6,1
6314.1,201.0,1
6319.2,105.2,1
6319.3,104.3,1
6319.4,60.8,1
6319.5,91.6,1
6319.6,98.7,1
6324.7,117.2,1
6324.9,198.2,1
6325.0,90.3,1
6325.1,123.5,1
6325.2,96.1,1
6330.3,105.8,1
6330.4,75.3,1
6330.5,110.6,1
6330.6,110.3,1
6330.7,112.7,1
6335.9,119.1,1
6335.9,83.9,1
6336.0,102.4,1
6336.2,186.6,1
6336.3,87.4,1
6341.4,116.7,1
6341.6,124.4,1
6341.7,112.8,1
6341.8,119.9,1
6341.9,120.1,1
6347.0,64.1,1
6347.1,110.0,1
6347.2,72.3,1
6347.4,227.4,1
6347.5,112.0,1
6352.6,121.0,1
6352.7,126.5,1
6352.9,177.4,1
6353.2,308.8,1
6353.4,127.0,1
6358.4,73.4,1
6358.5,114.4,1
6358.6,78.8,1
6358.7,119.6,1
6358.8,90.6,1
6364.0,192.3,1
6364.2,166.4,1
6364.3,121.3,1
6364.4,107.5,1
6364.6,137.5,1
6369.7,109.4,1
6369.8,130.6,1
6369.9,107.0,1
6370.1,170.0,1
6370.2,115.7,1
6375.3,113.9,1
6375.4,122.4,1
6375.5,112.5,1
6375.6,102.8,1
6375.9,285.7,1
6381.1,127.1,1
6381.1,72.2,1
6381.3,124.9,1
6381.3,68.6,1
6381.4,121.7,1
6386.6,118.4,1
6386.7,92.6,1
6386.7,82.6,1
6386.9,122.7,1
6387.0,104.3,1
6392.1,127.1,1
6392.2,127.2,1
6392.4,132.1,1
6392.4,87.0,1
6392.5,93.7,1
6397.6,87.9,1
6397.8,201.4,1
6398.0,143.0,1
6398.3,287.3,1
6398.3,86.4,1
6403.6,223.2,1
6403.7,137.4,1
6403.9,185.7,1
6404.1,167.2,1
6404.2,140.0,1
6409.3,106.0,1
6409.4,111.5,1
6409.5,124.8,1
6409.7,127.0,1
6409.8,127.1,1
6414.9,134.2,1
6415.0,109.6,1
6415.5,425.7,1
6415.6,132.3,1
6415.9,346.3,1
6421.0,91.6,1
6421.2,126.6,1
6421.5,317.1,1
6421.7,263.0,1
6421.9,131.7,1
6427.1,197.3,1
6427.2,111.7,1
6427.3,142.5,1
6427.5,150.7,1
6427.6,134.4,1
6432.8,199.1,1
6433.2,385.7,1
6433.4,207.5,1
6433.5,71.2,1
6433.6,92.1,1
6438.7,179.8,1
6438.9,169.5,1
6439.0,133.4,1
6439.2,143.0,1
6439.3,115.0,1
6444.4,110.1,1
6444.7,247.9,1
6444.8,124.2,1
6445.0,165.2,1
6445.1,120.6,1
6450.1,65.1,1
6450.3,124.0,1
6450.5,227.6,1
6450.6,76.3,1
6450.7,116.1,1
6455.8,126.3,1
6455.9,86.7,1
6456.0,134.0,1
6456.1,88.5,1
6456.2,126.4,1
6461.5,233.7,1
6461.6,148.6,1
6461.8,156.8,1
6461.9,143.8,1
6462.1,196.7,1
6467.3,196.6,1
6467.6,271.6,1
6467.7,130.9,1
6467.9,207.9,1
6468.1,136.0,1
6473.1,70.9,1
6473.2,95.6,1
6473.4,136.6,1
6473.7,356.2,1
6473.9,179.7,1
6479.1,214.6,1
6479.4,307.0,1
6479.6,141.0,1
6479.7,91.7,1
6479.8,157.5,1
6485.0,183.7,1
6485.1,138.6,1
6485.2,78.1,1
6485.5,240.5,1
6485.7,255.3,1
6491.0,307.7,1
6491.3,314.8,1
6491.5,123.7,1
6491.7,235.3,1
6491.8,126.2,1
6497.0,148.2,1
6497.1,125.8,1
6497.7,624.5,1
6498.2,518.7,1
6499.4,1180.0,1
6504.7,239.1,1
6504.8,143.3,1
6505.0,189.8,1
6505.2,165.2,1
6505.3,185.0,1
6510.7,308.0,1
6510.9,245.4,1
6511.0,131.3,1
6511.2,163.3,1
6511.5,322.5,1
6516.7,137.7,1
6516.8,125.0,1
6517.0,195.9,1
6517.2,275.1,1
6517.4,192.4,1
6522.7,218.8,1
6523.0,295.4,1
6523.5,553.7,1
6523.6,137.2,1
6523.8,193.8,1
6529.0,110.6,1
6529.1,182.9,1
6529.3,156.3,1
6529.4,132.3,1
6530.1,632.8,1
6535.4,311.5,1
6535.7,297.8,1
6535.8,162.2,1
6536.1,297.0,1
6536.6,481.1,1
6542.3,684.5,1
6542.5,253.0,1
6543.0,457.6,1
6543.5,541.6,1
6543.8,222.8,1
6549.3,557.0,1
6549.5,140.9,1
6549.8,385.2,1
6550.3,417.5,1
6550.4,177.5,1
6555.8,404.8,1
6556.4,542.8,1
6556.5,158.4,1
6556.7,103.1,1
6557.0,381.8,1
6562.3,231.8,1
6562.5,248.6,1
6562.7,184.9,1
6562.9,244.3,1
6563.2,215.7,1
6568.3,177.0,1
6569.2,830.2,1
6570.1,884.8,1
6571.0,901.3,1
6571.8,889.4,1
6577.2,332.2,1
6578.1,922.8,1
6578.4,292.1,1
6579.6,1203.4,1
6579.9,336.4,1
6585.5,538.0,1
6585.8,298.9,1
6586.2,399.9,1
6586.5,314.4,1
6587.3,861.0,1
6592.7,378.7,1
6593.1,400.4,1
6594.3,1156.8,1
6594.5,184.2,1
6594.6,186.7,1
6600.1,438.5,1
6600.3,174.2,1
6600.4,128.9,1
6600.9,511.9,1
6601.2,319.2,1
6607.3,1077.9,1
6607.9,641.5,1
6608.6,668.4,1
6608.9,322.5,1
6609.8,864.2,1
6615.2,445.0,1
6615.4,192.5,1
6616.3,863.4,1
6617.0,742.2,1
6617.3,297.9,1
6622.6,267.2,1
6622.8,178.5,1
6623.7,921.6,1
6624.3,571.0,1
6625.8,1545.9,1
6631.1,305.3,1
6631.6,445.5,1
6632.4,800.1,1
6633.0,576.4,1
6633.4,430.3,1
6638.6,234.2,1
6639.2,613.5,1
6639.4,158.5,1
6639.8,376.0,1
6640.0,212.4,1
6645.2,186.6,1
6645.4,271.2,1
6645.8,374.7,1
6646.6,812.9,1
6647.0,364.3,1
6652.6,566.2,1
6653.4,852.2,1
6653.7,298.3,1
6654.0,286.8,1
6654.3,329.1,1
6660.0,656.6,1
6660.7,668.1,1
6661.1,491.5,1
6661.3,184.2,1
6661.5,213.0,1
6666.7,154.1,1
6666.9,200.8,1
6667.1,167.9,1
6668.0,933.5,1
6668.7,698.9,1
6673.8,102.7,1
6674.5,702.8,1
6674.6,141.8,1
6674.7,106.4,1
6675.5,785.8,1
6681.0,502.3,1
6681.2,116.1,1
6681.4,213.3,1
6681.6,268.9,1
6682.1,439.0,1
6687.3,246.2,1
6687.6,316.2,1
6688.0,311.2,1
6688.1,192.4,1
6688.3,164.1,1
6693.5,162.6,1
6693.7,269.9,1
6693.9,115.7,1
6694.2,299.7,1
6694.5,299.7,1
6699.7,218.6,1
6700.1,437.3,1
6700.7,552.7,1
6701.2,498.0,1
6701.8,590.0,1
6706.9,152.7,1
6707.2,312.9,1
6707.5,324.3,1
6707.8,298.9,1
6708.5,682.1,1
6713.7,192.0,1
6713.9,230.5,1
6714.4,463.5,1
6714.9,480.9,1
6716.3,1396.9,1
6722.2,886.4,1
6724.6,2415.3,1
6725.6,1029.7,1
6725.9,230.2,1
6726.3,423.2,1
6731.7,382.7,1
6732.1,489.4,1
6733.2,1014.3,1
6733.4,258.3,1
6734.8,1381.8,1
6740.3,472.1,1
6741.6,1315.0,1
6741.8,238.0,1
6742.0,183.8,1
6743.3,1293.2,1
6748.7,384.2,1
6749.1,422.9,1
6752.6,3460.8,1
6756.9,4362.8,1
6763.8,6880.3,1
6769.2,429.6,1
6769.7,462.4,1
6777.3,7557.0,1
6783.7,6427.2,1
6788.0,4345.1,1
6793.9,832.7,1
6803.9,10009.8,0
6804.4,537.4,1
6814.4,10010.5,0
6824.4,10010.0,0
6839.4,10009.9,0
6839.9,420.2,1
6849.9,10009.8,0
6859.9,10010.0,0
6869.9,10011.0,0
6875.6,720.5,1
6885.6,10010.4,0
6895.6,10010.8,0
6905.6,10010.0,0
6915.7,10010.4,0
6930.7,10010.5,0
6931.1,425.0,1
6932.1,998.0,1
6942.1,10009.8,0
6952.1,10010.0,0
6967.1,10009.9,0
6977.1,10010.1,0
6987.1,10009.9,0
6987.5,342.7,1
6987.8,331.4,1
7000.2,7404.7,1
7000.4,173.9,1
7000.6,230.8,1
7000.8,159.0,1
7000.9,145.9,1
7006.1,128.1,1
7006.2,188.8,1
7008.5,2222.0,1
7008.6,153.6,1
7009.0,408.3,1
7014.2,148.2,1
7014.4,243.9,1
7014.6,132.9,1
7014.7,140.1,1
7015.0,323.8,1
7020.5,475.3,1
7020.6,140.3,1
7020.8,133.4,1
7020.9,111.2,1
7021.2,302.9,1
7026.5,333.2,1
7027.3,802.1,1
7027.6,291.0,1
7027.9,332.2,1
7028.2,220.2,1
7033.3,135.9,1
7033.4,111.5,1
7033.8,359.5,1
7034.4,621.4,1
7035.1,725.1,1
7040.3,159.9,1
7040.4,155.0,1
7040.8,348.1,1
7041.0,188.1,1
7041.1,145.4,1
7046.3,217.8,1
7046.5,135.3,1
7046.6,123.0,1
7046.9,356.2,1
7047.1,145.1,1
7052.3,170.4,1
7052.5,234.8,1
7052.8,316.7,1
7053.3,524.5,1
7053.6,268.2,1
7058.7,129.4,1
7058.9,191.3,1
7059.2,312.4,1
7060.0,716.3,1
7060.1,187.6,1
7065.2,97.5,1
7065.4,185.9,1
7065.6,132.7,1
7065.7,138.7,1
7066.4,709.6,1
7071.8,346.5,1
7072.1,352.2,1
7072.2,143.3,1
7072.4,122.3,1
7072.7,280.8,1
7077.9,258.1,1
7078.0,123.7,1
7078.1,102.9,1
7078.5,376.1,1
7078.7,178.2,1
7083.8,132.6,1
7084.1,300.6,1
7084.2,115.6,1
7084.3,106.7,1
7084.5,187.1,1
7089.7,182.5,1
7089.9,139.1,1
7090.3,487.6,1
7090.8,488.2,1
7091.1,284.9,1
7096.3,196.5,1
7096.5,208.5,1
7096.7,130.4,1
7097.4,706.4,1
7097.4,80.1,1
7102.6,118.6,1
7102.7,123.7,1
7102.8,154.3,1
7103.0,116.0,1
7103.1,135.7,1
7108.2,120.8,1
7108.3,128.3,1
7108.4,88.1,1
7108.6,128.6,1
7108.7,129.8,1
7113.8,126.1,1
7113.9,128.0,1
7114.1,125.7,1
7114.2,111.2,1
7114.3,126.7,1
7119.4,93.0,1
7119.5,113.0,1
7119.6,137.9,1
7119.7,76.3,1
7119.8,113.0,1
7124.9,109.2,1
7125.1,114.4,1
7125.2,98.6,1
7125.3,134.5,1
7125.6,310.7,1
7131.0,391.2,1
7131.1,137.2,1
7131.3,157.8,1
7131.4,88.6,1
7131.5,120.3,1
7136.6,141.5,1
7136.9,294.9,1
7137.0,89.6,1
7137.1,114.6,1
7137.2,110.6,1
7142.4,107.1,1
7142.5,139.0,1
7142.6,115.9,1
7142.7,102.6,1
7142.8,108.7,1
7147.9,126.8,1
7148.0,97.4,1
7148.3,225.3,1
7148.4,90.4,1
7148.4,81.7,1
7153.6,118.2,1
7153.6,74.2,1
7153.7,112.8,1
7153.9,120.1,1
7154.0,167.2,1
7159.1,72.6,1
7159.2,115.7,1
7159.4,132.0,1
7159.5,106.2,1
7159.5,70.3,1
7164.7,178.2,1
7164.8,138.1,1
7165.0,183.9,1
7165.1,79.5,1
7165.3,145.6,1
7170.3,64.2,1
7170.5,216.1,1
7170.7,115.8,1
7170.8,99.1,1
7170.9,171.9,1
7176.1,128.5,1
7176.1,79.0,1
7176.3,129.6,1
7176.4,159.8,1
7176.5,118.1,1
7181.6,76.6,1
7181.7,110.3,1
7181.9,213.7,1
7182.1,119.3,1
7182.3,206.8,1
7187.4,121.0,1
7187.6,212.9,1
7187.7,126.9,1
7187.8,115.6,1
7187.9,95.3,1
7193.1,114.8,1
7193.1,90.5,1
7193.3,120.4,1
7193.6,354.9,1
7193.7,100.3,1
7198.9,137.9,1
7199.0,138.5,1
7199.1,123.5,1
7199.3,134.0,1
7199.3,93.0,1
